fpr,tpr,threshold
0.0,0.0,1.9999901
0.0,8.183975775431704e-05,0.9999901
0.0,0.014894835911285702,0.9986412
0.0,0.015058515426794337,0.99863905
0.0,0.02103281774285948,0.9978934
5.90831477137776e-06,0.02103281774285948,0.9978801
5.90831477137776e-06,0.035927653654145186,0.9962059
1.181662954275552e-05,0.035927653654145186,0.996176
1.181662954275552e-05,0.037318929535968576,0.99578154
1.772494431413328e-05,0.037318929535968576,0.9957592
1.772494431413328e-05,0.04083803911940421,0.9952123
1.772494431413328e-05,0.041001718634912844,0.9952112
1.772494431413328e-05,0.05753334970128488,0.99143314
1.772494431413328e-05,0.05769702921679352,0.9914261
1.772494431413328e-05,0.0628529339553155,0.99032
2.363325908551104e-05,0.0628529339553155,0.99031734
2.363325908551104e-05,0.06350765201735002,0.9902789
2.95415738568888e-05,0.06350765201735002,0.9902773
2.95415738568888e-05,0.06514444717243636,0.9899832
3.544988862826656e-05,0.06514444717243636,0.98997444
3.544988862826656e-05,0.06588100499222523,0.98987246
4.135820339964432e-05,0.06588100499222523,0.98984575
4.135820339964432e-05,0.06825435796710042,0.9892898
4.726651817102208e-05,0.06825435796710042,0.9892697
4.726651817102208e-05,0.06931827481790653,0.9890716
5.3174832942399837e-05,0.06931827481790653,0.98906845
5.3174832942399837e-05,0.07242818561257058,0.98824793
5.90831477137776e-05,0.07242818561257058,0.9882438
5.90831477137776e-05,0.07512889761846304,0.9876226
6.499146248515536e-05,0.07512889761846304,0.98762
6.499146248515536e-05,0.07643833374253212,0.9871192
7.089977725653312e-05,0.07643833374253212,0.98711896
7.089977725653312e-05,0.07954824453719617,0.9859072
7.089977725653312e-05,0.0797119240527048,0.9858992
7.089977725653312e-05,0.08012112284147639,0.9858401
7.680809202791087e-05,0.08012112284147639,0.9858292
7.680809202791087e-05,0.08224895654308863,0.9851826
8.271640679928864e-05,0.08224895654308863,0.98516107
8.271640679928864e-05,0.0840494312136836,0.98454213
8.86247215706664e-05,0.0840494312136836,0.984527
8.86247215706664e-05,0.0844586300024552,0.98443365
9.453303634204416e-05,0.0844586300024552,0.9844305
9.453303634204416e-05,0.0869138227350847,0.98346275
0.00010044135111342192,0.0869138227350847,0.9833767
0.00010044135111342192,0.09002373352974875,0.98240626
0.00010634966588479967,0.09002373352974875,0.98238635
0.00010634966588479967,0.09067845159178328,0.9822036
0.00011225798065617744,0.09067845159178328,0.9821504
0.00011225798065617744,0.09174236844258941,0.98181653
0.0001181662954275552,0.09174236844258941,0.9818008
0.0001181662954275552,0.09239708650462394,0.9817168
0.00012407461019893295,0.09239708650462394,0.981716
0.00012407461019893295,0.09370652262869301,0.9813281
0.00012998292497031072,0.09370652262869301,0.98130417
0.00012998292497031072,0.09501595875276209,0.9810389
0.0001358912397416885,0.09501595875276209,0.9809707
0.0001358912397416885,0.09558883705704231,0.9808156
0.00014179955451306623,0.09558883705704231,0.9807811
0.00014179955451306623,0.09665275390784843,0.9805196
0.00014179955451306623,0.09681643342335707,0.9805161
0.00014179955451306623,0.09878058760946068,0.97992134
0.000147707869284444,0.09878058760946068,0.9798203
0.000147707869284444,0.09894426712496932,0.97980344
0.00015361618405582175,0.09894426712496932,0.97977555
0.00015361618405582175,0.09968082494475816,0.97964096
0.00015952449882719952,0.09968082494475816,0.97959065
0.00015952449882719952,0.09976266470251248,0.9795491
0.0001654328135985773,0.09976266470251248,0.97952074
0.0001654328135985773,0.10074474179556428,0.97925365
0.00017134112836995503,0.10074474179556428,0.9792427
0.00017134112836995503,0.10115394058433587,0.97918653
0.0001772494431413328,0.10115394058433587,0.9791728
0.0001772494431413328,0.1017268188886161,0.9790035
0.00018315775791271055,0.1017268188886161,0.97899777
0.00018315775791271055,0.10377281283247401,0.97852874
0.0001949743874554661,0.10377281283247401,0.97842866
0.0001949743874554661,0.10401833210573697,0.97832507
0.00020088270222684383,0.10401833210573697,0.97831875
0.00020088270222684383,0.10410017186349128,0.97830975
0.0002067910169982216,0.10410017186349128,0.97828716
0.0002067910169982216,0.10581880677633194,0.9779334
0.00021269933176959935,0.10581880677633194,0.9779308
0.00021269933176959935,0.10614616580734922,0.97780776
0.00021860764654097712,0.10614616580734922,0.977795
0.00021860764654097712,0.10647352483836647,0.97771156
0.0002245159613123549,0.10647352483836647,0.9776897
0.0002245159613123549,0.11072919224159096,0.9764715
0.00023042427608373263,0.11072919224159096,0.97646844
0.00023042427608373263,0.1147393403715525,0.9752098
0.0002363325908551104,0.1147393403715525,0.9752084
0.0002363325908551104,0.11973156559456584,0.9738487
0.00024224090562648815,0.11973156559456584,0.97384477
0.00024224090562648815,0.12210491856944103,0.9733412
0.0002481492203978659,0.12210491856944103,0.97332674
0.0002481492203978659,0.12235043784270398,0.9732607
0.0002540575351692437,0.12235043784270398,0.97324187
0.0002540575351692437,0.12267779687372125,0.97314906
0.00025996584994062143,0.12267779687372125,0.9731346
0.00025996584994062143,0.12316883542024716,0.9730122
0.0002658741647119992,0.12316883542024716,0.9729446
0.0002658741647119992,0.12439643178656191,0.9728017
0.000271782479483377,0.12439643178656191,0.97279143
0.000271782479483377,0.127260823307963,0.97202516
0.0002776907942547547,0.127260823307963,0.97200584
0.0002776907942547547,0.12734266306571732,0.97196203
0.00028359910902613246,0.12734266306571732,0.97194695
0.00028359910902613246,0.12840657991652343,0.9716904
0.00028950742379751026,0.12840657991652343,0.9716845
0.00028950742379751026,0.12963417628283821,0.97119844
0.000295415738568888,0.12963417628283821,0.9711911
0.000295415738568888,0.13168017022669612,0.97051
0.00030132405334026575,0.13168017022669612,0.9705091
0.00030132405334026575,0.13225304853097636,0.9703686
0.0003072323681116435,0.13225304853097636,0.97035587
0.0003072323681116435,0.13331696538178248,0.9701297
0.0003072323681116435,0.1334806448972911,0.9701201
0.0003072323681116435,0.13372616417055405,0.9700817
0.0003131406828830213,0.13372616417055405,0.9700787
0.0003131406828830213,0.13405352320157132,0.96984047
0.00031904899765439903,0.13405352320157132,0.96983904
0.00031904899765439903,0.1358539978721663,0.9692533
0.0003249573124257768,0.1358539978721663,0.9692328
0.0003249573124257768,0.13601767738767492,0.9690936
0.0003308656271971546,0.13601767738767492,0.969042
0.0003308656271971546,0.13659055569195516,0.96874
0.0003367739419685323,0.13659055569195516,0.9687375
0.0003367739419685323,0.13724527375398968,0.96860486
0.00034268225673991006,0.13724527375398968,0.9685874
0.00034268225673991006,0.13781815205826992,0.9684285
0.00034859057151128786,0.13781815205826992,0.9684208
0.00034859057151128786,0.13863654963581307,0.9681731
0.0003544988862826656,0.13863654963581307,0.96811956
0.0003544988862826656,0.13896390866683034,0.9680885
0.00036040720105404335,0.13896390866683034,0.96807075
0.00036040720105404335,0.13904574842458467,0.9680655
0.0003663155158254211,0.13904574842458467,0.96803916
0.0003663155158254211,0.14092806285293397,0.96729594
0.0003722238305967989,0.14092806285293397,0.96723527
0.0003722238305967989,0.1411735821261969,0.96720505
0.0003840404601395544,0.1411735821261969,0.9671312
0.0003840404601395544,0.1412554218839512,0.9671068
0.0003899487749109322,0.1412554218839512,0.9671053
0.0003899487749109322,0.14133726164170554,0.96710527
0.0003958570896823099,0.14133726164170554,0.9670854
0.0003958570896823099,0.14141910139945985,0.96706074
0.00040767371922506546,0.14141910139945985,0.9670252
0.00040767371922506546,0.14150094115721418,0.9670144
0.0004135820339964432,0.14150094115721418,0.96700335
0.0004135820339964432,0.14158278091496848,0.9669862
0.00041949034876782095,0.14158278091496848,0.9669694
0.00041949034876782095,0.1420738194614944,0.9667731
0.0004253986635391987,0.1420738194614944,0.96672875
0.0004253986635391987,0.14231933873475736,0.9666786
0.0004313069783105765,0.14231933873475736,0.96665
0.0004313069783105765,0.14272853752352893,0.9665862
0.00043721529308195423,0.14272853752352893,0.9665853
0.00043721529308195423,0.14297405679679187,0.96648985
0.000443123607853332,0.14297405679679187,0.9664827
0.000443123607853332,0.14510189049840413,0.96588504
0.0004490319226247098,0.14510189049840413,0.9657925
0.0004490319226247098,0.14518373025615844,0.96573555
0.0004549402373960875,0.14518373025615844,0.96573144
0.0004549402373960875,0.14534740977166707,0.9656304
0.00046084855216746526,0.14534740977166707,0.96561617
0.00046084855216746526,0.14608396759145592,0.96539193
0.000466756866938843,0.14608396759145592,0.96539146
0.000466756866938843,0.1463294868647189,0.965371
0.00047857349648159855,0.1463294868647189,0.9653267
0.00047857349648159855,0.1469842049267534,0.9651683
0.0004844818112529763,0.1469842049267534,0.9651568
0.0004844818112529763,0.14706604468450774,0.9651481
0.0004903901260243541,0.14706604468450774,0.9651198
0.0004903901260243541,0.14845732056633112,0.96469784
0.0004962984407957318,0.14845732056633112,0.9646765
0.0004962984407957318,0.14870283983959406,0.96461326
0.0005022067555671096,0.14870283983959406,0.96460384
0.0005022067555671096,0.1493575579016286,0.964186
0.0005081150703384874,0.1493575579016286,0.9641809
0.0005081150703384874,0.14960307717489157,0.96401334
0.0005140233851098651,0.14960307717489157,0.96400416
0.0005140233851098651,0.15050331451018906,0.9638386
0.0005258400146526207,0.15050331451018906,0.9637855
0.0005258400146526207,0.150748833783452,0.9637627
0.0005317483294239984,0.150748833783452,0.96375906
0.0005317483294239984,0.1511580325722236,0.96359575
0.0005376566441953762,0.1511580325722236,0.9635909
0.0005376566441953762,0.15140355184548654,0.9634823
0.000543564958966754,0.15140355184548654,0.9634677
0.000543564958966754,0.15156723136099517,0.96335155
0.0005553815885095094,0.15156723136099517,0.9632947
0.0005553815885095094,0.1531221867583272,0.9627836
0.0005612899032808872,0.1531221867583272,0.9627806
0.0005612899032808872,0.1532040265160815,0.96275616
0.0005731065328236427,0.1532040265160815,0.96272767
0.0005731065328236427,0.15328586627383584,0.9626631
0.0005790148475950205,0.15328586627383584,0.9626131
0.0005790148475950205,0.1536132253048531,0.96257186
0.0005849231623663982,0.1536132253048531,0.96255034
0.0005849231623663982,0.15385874457811605,0.9624248
0.000590831477137776,0.15385874457811605,0.96238524
0.000590831477137776,0.1575415336770603,0.9610821
0.0005967397919091538,0.1575415336770603,0.96099555
0.0005967397919091538,0.15999672640968982,0.9603638
0.0006026481066805315,0.15999672640968982,0.9603587
0.0006026481066805315,0.16024224568295278,0.9603372
0.0006085564214519093,0.16024224568295278,0.96032304
0.0006085564214519093,0.16294295768884523,0.95963776
0.000614464736223287,0.16294295768884523,0.9596351
0.000614464736223287,0.16359767575087977,0.9595464
0.0006203730509946648,0.16359767575087977,0.95950943
0.0006203730509946648,0.16400687453965138,0.95946604
0.0006262813657660426,0.16400687453965138,0.9594509
0.0006262813657660426,0.1646615926016859,0.9592687
0.0006321896805374203,0.1646615926016859,0.95926034
0.0006321896805374203,0.16523447090596613,0.9589928
0.0006380979953087981,0.16523447090596613,0.9589762
0.0006380979953087981,0.16539815042147477,0.958925
0.0006440063100801759,0.16539815042147477,0.9588815
0.0006440063100801759,0.1671167853343154,0.9584332
0.0006499146248515536,0.1671167853343154,0.95841634
0.0006499146248515536,0.16728046484982403,0.9583388
0.0006558229396229314,0.16728046484982403,0.95832163
0.0006558229396229314,0.167525984123087,0.958265
0.0006617312543943092,0.167525984123087,0.95825297
0.0006617312543943092,0.16777150339634994,0.9581698
0.0006676395691656868,0.16777150339634994,0.9581295
0.0006676395691656868,0.16908093952041903,0.957699
0.0006735478839370646,0.16908093952041903,0.95769066
0.0006735478839370646,0.16932645879368197,0.95759773
0.0006794561987084424,0.16932645879368197,0.9575904
0.0006794561987084424,0.16957197806694493,0.95752704
0.0006853645134798201,0.16957197806694493,0.95746034
0.0006853645134798201,0.16965381782469924,0.9573953
0.0006912728282511979,0.16965381782469924,0.9573759
0.0006912728282511979,0.17022669612897945,0.95732135
0.0006971811430225757,0.17022669612897945,0.9573088
0.0006971811430225757,0.17112693346427696,0.9569207
0.0007030894577939534,0.17112693346427696,0.9569078
0.0007030894577939534,0.1728455683771176,0.956482
0.0007089977725653312,0.1728455683771176,0.9564812
0.0007089977725653312,0.17341844668139783,0.95630825
0.0007149060873367089,0.17341844668139783,0.9562709
0.0007149060873367089,0.17358212619690647,0.956172
0.0007208144021080867,0.17358212619690647,0.9561633
0.0007208144021080867,0.17407316474343235,0.95597404
0.0007267227168794645,0.17407316474343235,0.95596844
0.0007267227168794645,0.1743186840166953,0.95589644
0.0007326310316508422,0.1743186840166953,0.95588785
0.0007326310316508422,0.1757099598985187,0.9552208
0.00073853934642222,0.1757099598985187,0.95520896
0.00073853934642222,0.1762009984450446,0.9549791
0.0007444476611935978,0.1762009984450446,0.9549553
0.0007444476611935978,0.1762828382027989,0.9548618
0.0007503559759649755,0.1762828382027989,0.95480996
0.0007503559759649755,0.17685571650707915,0.95462024
0.0007562642907363533,0.17685571650707915,0.9545098
0.0007562642907363533,0.1771830755380964,0.9542503
0.0007621726055077311,0.1771830755380964,0.95420283
0.0007621726055077311,0.177592274326868,0.9540813
0.0007680809202791088,0.177592274326868,0.95405036
0.0007680809202791088,0.17849251166216548,0.9537385
0.0007739892350504866,0.17849251166216548,0.95370513
0.0007739892350504866,0.17865619117767412,0.9535966
0.000785805864593242,0.17865619117767412,0.9535269
0.000785805864593242,0.17881987069318275,0.9534713
0.0007917141793646198,0.17881987069318275,0.9534496
0.0007917141793646198,0.1790653899664457,0.9531703
0.0007976224941359976,0.1790653899664457,0.9531199
0.0007976224941359976,0.1794745887552173,0.95293146
0.0008035308089073753,0.1794745887552173,0.9529108
0.0008035308089073753,0.17988378754398887,0.95275307
0.0008094391236787531,0.17988378754398887,0.95275116
0.0008094391236787531,0.1800474670594975,0.95256776
0.0008153474384501309,0.1800474670594975,0.95256525
0.0008153474384501309,0.1801293068172518,0.95255315
0.0008212557532215086,0.1801293068172518,0.9525506
0.0008212557532215086,0.18021114657500614,0.95253944
0.0008271640679928864,0.18021114657500614,0.9525162
0.0008271640679928864,0.18029298633276045,0.95247334
0.0008330723827642641,0.18029298633276045,0.95245206
0.0008330723827642641,0.18045666584826908,0.95241743
0.0008389806975356419,0.18045666584826908,0.952408
0.0008389806975356419,0.18102954415254932,0.95214784
0.0008448890123070197,0.18102954415254932,0.9520971
0.0008448890123070197,0.18111138391030362,0.9519707
0.0008507973270783974,0.18111138391030362,0.9519651
0.0008507973270783974,0.1814387429413209,0.9519236
0.0008567056418497752,0.1814387429413209,0.95183754
0.0008567056418497752,0.18250265979212701,0.9514941
0.000862613956621153,0.18250265979212701,0.9514893
0.000862613956621153,0.1847941730092479,0.9504237
0.0008685222713925307,0.1847941730092479,0.95042306
0.0008685222713925307,0.18495785252475652,0.9503695
0.0008744305861639085,0.18495785252475652,0.950229
0.0008744305861639085,0.18536705131352813,0.9501231
0.0008803389009352863,0.18536705131352813,0.95001936
0.0008803389009352863,0.1857762501022997,0.9497231
0.000886247215706664,0.1857762501022997,0.9496899
0.000886247215706664,0.185858089860054,0.94968635
0.0008921555304780418,0.185858089860054,0.9496783
0.0008921555304780418,0.18700384646861445,0.9491026
0.0008980638452494196,0.18700384646861445,0.9490562
0.0008980638452494196,0.18708568622636876,0.94905233
0.0009039721600207972,0.18708568622636876,0.9490395
0.0009039721600207972,0.1920779114493821,0.9457445
0.000909880474792175,0.1920779114493821,0.9457203
0.000909880474792175,0.19322366805794255,0.94495785
0.0009157887895635528,0.19322366805794255,0.944934
0.0009157887895635528,0.19379654636222277,0.94459033
0.0009216971043349305,0.19379654636222277,0.94458264
0.0009216971043349305,0.19461494393976594,0.9442435
0.000933513733877686,0.19461494393976594,0.9441438
0.000933513733877686,0.19469678369752025,0.9440995
0.0009394220486490638,0.19469678369752025,0.94408756
0.0009394220486490638,0.19608805957934364,0.9432341
0.0009453303634204416,0.19608805957934364,0.9432292
0.0009453303634204416,0.19625173909485227,0.94300145
0.0009512386781918193,0.19625173909485227,0.9429652
0.0009512386781918193,0.1963335788526066,0.9428409
0.0009571469929631971,0.1963335788526066,0.9428372
0.0009571469929631971,0.19764301497667566,0.94219106
0.0009689636225059526,0.19764301497667566,0.94211286
0.0009689636225059526,0.20173500286439153,0.9393251
0.0009748719372773304,0.20173500286439153,0.9392867
0.0009748719372773304,0.20181684262214583,0.93922174
0.0009807802520487082,0.20181684262214583,0.93907785
0.0009807802520487082,0.20198052213765447,0.9389641
0.000986688566820086,0.20198052213765447,0.93894565
0.000986688566820086,0.20320811850396922,0.9384337
0.0009925968815914636,0.20320811850396922,0.9383896
0.0009925968815914636,0.2041083558392667,0.9378953
0.0009985051963628414,0.2041083558392667,0.9378757
0.0009985051963628414,0.2045175546280383,0.937493
0.0010044135111342192,0.2045175546280383,0.9374371
0.0010044135111342192,0.2050085931745642,0.93717957
0.001010321825905597,0.2050085931745642,0.9371638
0.001010321825905597,0.20533595220558148,0.93695325
0.0010221384554483526,0.20533595220558148,0.9365454
0.0010221384554483526,0.20623618954087897,0.9359547
0.0010280467702197301,0.20623618954087897,0.9359434
0.0010280467702197301,0.20631802929863327,0.9359118
0.001033955084991108,0.20631802929863327,0.9357443
0.001033955084991108,0.20713642687617645,0.93498325
0.0010398633997624857,0.20713642687617645,0.9349817
0.0010398633997624857,0.20754562566494802,0.93468165
0.0010457717145338635,0.20754562566494802,0.93467563
0.0010457717145338635,0.2078729846959653,0.93446684
0.0010516800293052413,0.2078729846959653,0.93446195
0.0010516800293052413,0.20795482445371963,0.93440765
0.0010575883440766191,0.20795482445371963,0.9343252
0.0010575883440766191,0.2084458630002455,0.9338834
0.0010634966588479967,0.2084458630002455,0.9338214
0.0010634966588479967,0.20901874130452575,0.9335193
0.0010694049736193745,0.20901874130452575,0.93349236
0.0010694049736193745,0.20926426057778869,0.93330044
0.0010753132883907523,0.20926426057778869,0.93327314
0.0010753132883907523,0.20934610033554302,0.9331977
0.00108122160316213,0.20934610033554302,0.93311346
0.00108122160316213,0.21000081839757753,0.93262994
0.001087129917933508,0.21000081839757753,0.9325139
0.001087129917933508,0.21049185694410344,0.93239754
0.0010930382327048855,0.21049185694410344,0.93237543
0.0010930382327048855,0.21155577379490956,0.932027
0.0010930382327048855,0.2117194533104182,0.93201363
0.0010930382327048855,0.21286520991897864,0.9313964
0.0011107631770190189,0.21286520991897864,0.9312923
0.0011107631770190189,0.21327440870775022,0.9307243
0.0011225798065617745,0.21327440870775022,0.9306662
0.0011225798065617745,0.21335624846550455,0.930562
0.0011343964361045298,0.21335624846550455,0.9303563
0.0011343964361045298,0.21491120386283658,0.9292149
0.0011403047508759076,0.21491120386283658,0.9291426
0.0011403047508759076,0.21499304362059088,0.9290648
0.0011462130656472854,0.21499304362059088,0.9289853
0.0011462130656472854,0.21532040265160815,0.9289096
0.0011521213804186632,0.21532040265160815,0.9288887
0.0011521213804186632,0.21695719780669448,0.9280664
0.001158029695190041,0.21695719780669448,0.9279916
0.001158029695190041,0.21769375562648335,0.9277494
0.0011639380099614186,0.21769375562648335,0.9276537
0.0011639380099614186,0.217857435141992,0.9276234
0.0011698463247327964,0.217857435141992,0.92761725
0.0011698463247327964,0.21818479417300926,0.92731166
0.0011757546395041742,0.21818479417300926,0.92728144
0.0011757546395041742,0.21859399296178084,0.9271397
0.001181662954275552,0.21859399296178084,0.9270559
0.001181662954275552,0.2190031917505524,0.9269038
0.0011934795838183076,0.2190031917505524,0.92680043
0.0011934795838183076,0.22014894835911286,0.92624515
0.0011993878985896852,0.22014894835911286,0.92623794
0.0011993878985896852,0.2208036664211474,0.92588943
0.001205296213361063,0.2208036664211474,0.92583644
0.001205296213361063,0.22137654472542762,0.92557496
0.0012112045281324408,0.22137654472542762,0.92550534
0.0012112045281324408,0.22194942302970783,0.92507225
0.0012171128429038186,0.22194942302970783,0.92504597
0.0012171128429038186,0.22203126278746216,0.9250322
0.0012230211576751964,0.22203126278746216,0.92501175
0.0012230211576751964,0.2221949423029708,0.92490846
0.001228929472446574,0.2221949423029708,0.92489886
0.001228929472446574,0.2232588591537769,0.9244625
0.0012348377872179518,0.2232588591537769,0.9244497
0.0012348377872179518,0.22383173745805712,0.9242735
0.0012407461019893296,0.22383173745805712,0.9242594
0.0012407461019893296,0.2242409362468287,0.92418957
0.0012466544167607074,0.2242409362468287,0.92414415
0.0012466544167607074,0.22432277600458303,0.9240927
0.0012643793610748405,0.22432277600458303,0.92390865
0.0012643793610748405,0.2246501350356003,0.92380464
0.0012702876758462183,0.2246501350356003,0.92380047
0.0012702876758462183,0.2247319747933546,0.9237927
0.001282104305388974,0.2247319747933546,0.92376333
0.001282104305388974,0.22530485309763484,0.923649
0.0012880126201603517,0.22530485309763484,0.92362654
0.0012880126201603517,0.22571405188640642,0.92343265
0.0012939209349317295,0.22571405188640642,0.92340904
0.0012939209349317295,0.22587773140191506,0.92330873
0.001299829249703107,0.22587773140191506,0.92327857
0.001299829249703107,0.22595957115966936,0.92325497
0.001305737564474485,0.22595957115966936,0.9232411
0.001305737564474485,0.22620509043293233,0.9231116
0.0013175541940172405,0.22620509043293233,0.9230597
0.0013175541940172405,0.22628693019068663,0.92302907
0.0013234625087886183,0.22628693019068663,0.9230195
0.0013234625087886183,0.22636876994844096,0.92301744
0.0013293708235599959,0.22636876994844096,0.9230132
0.0013293708235599959,0.2265324494639496,0.92294306
0.0013352791383313737,0.2265324494639496,0.92293453
0.0013352791383313737,0.22808740486128162,0.9223935
0.0013470957678741293,0.22808740486128162,0.9222106
0.0013470957678741293,0.22816924461903593,0.92217296
0.001353004082645507,0.22816924461903593,0.9221672
0.001353004082645507,0.22841476389229887,0.92207444
0.0013648207121882625,0.22841476389229887,0.92202973
0.0013648207121882625,0.22882396268107047,0.92187005
0.0013707290269596403,0.22882396268107047,0.9218673
0.0013707290269596403,0.22890580243882477,0.9218582
0.001376637341731018,0.22890580243882477,0.9218126
0.001376637341731018,0.22923316146984204,0.9216399
0.0013884539712737736,0.22923316146984204,0.9215763
0.0013884539712737736,0.22931500122759638,0.92153573
0.0013943622860451514,0.22931500122759638,0.9215309
0.0013943622860451514,0.229478680743105,0.9215057
0.001400270600816529,0.229478680743105,0.9214011
0.001400270600816529,0.22980603977412226,0.9212889
0.0014061789155879068,0.22980603977412226,0.9212115
0.0014061789155879068,0.23013339880513953,0.92100084
0.0014179955451306624,0.23013339880513953,0.9208816
0.0014179955451306624,0.23070627710941977,0.9205707
0.0014239038599020402,0.23070627710941977,0.920526
0.0014239038599020402,0.2309517963826827,0.92032754
0.0014298121746734178,0.2309517963826827,0.9202287
0.0014298121746734178,0.23136099517145428,0.9199623
0.0014357204894447956,0.23136099517145428,0.9198516
0.0014357204894447956,0.23193387347573452,0.91971195
0.0014416288042161734,0.23193387347573452,0.9196071
0.0014416288042161734,0.23324330959980358,0.9190134
0.0014475371189875512,0.23324330959980358,0.91900444
0.0014475371189875512,0.23373434814632948,0.9185682
0.001453445433758929,0.23373434814632948,0.9184531
0.001453445433758929,0.23447090596611833,0.9179228
0.0014593537485303068,0.23447090596611833,0.9179107
0.0014593537485303068,0.23463458548162697,0.91759914
0.0014652620633016844,0.23463458548162697,0.9175786
0.0014652620633016844,0.2347982649971356,0.9172814
0.0014711703780730622,0.2347982649971356,0.91723543
0.0014711703780730622,0.23545298305917015,0.91696984
0.00147707869284444,0.23545298305917015,0.91684556
0.00147707869284444,0.23627138063671332,0.9165797
0.0014829870076158178,0.23627138063671332,0.91647327
0.0014829870076158178,0.23684425894099354,0.916328
0.0014888953223871956,0.23684425894099354,0.91629237
0.0014888953223871956,0.2372534577297651,0.91609555
0.0014948036371585734,0.2372534577297651,0.9160853
0.0014948036371585734,0.23749897700302808,0.9160556
0.001500711951929951,0.23749897700302808,0.9160482
0.001500711951929951,0.2385628938538342,0.9154595
0.0015184368962440843,0.2385628938538342,0.9152952
0.0015184368962440843,0.2400360094934119,0.91440773
0.0015243452110154621,0.2400360094934119,0.91433865
0.0015243452110154621,0.2404452082821835,0.914036
0.0015302535257868397,0.2404452082821835,0.91394526
0.0015302535257868397,0.24224568295277846,0.9127622
0.0015361618405582175,0.24224568295277846,0.91271365
0.0015361618405582175,0.24265488174155003,0.91246665
0.0015420701553295953,0.24265488174155003,0.91244555
0.0015420701553295953,0.24380063835011048,0.9115979
0.001553886784872351,0.24380063835011048,0.9114677
0.001553886784872351,0.2442916768966364,0.9112564
0.0015657034144151063,0.2442916768966364,0.9111065
0.0015657034144151063,0.24453719616989933,0.91100365
0.001571611729186484,0.24453719616989933,0.9109505
0.001571611729186484,0.2447827154431623,0.91072947
0.0015775200439578619,0.2447827154431623,0.91071117
0.0015775200439578619,0.2448645552009166,0.91068965
0.0015834283587292397,0.2448645552009166,0.91066945
0.0015834283587292397,0.24576479253621408,0.9099111
0.0015893366735006175,0.24576479253621408,0.90985405
0.0015893366735006175,0.24592847205172272,0.9097985
0.0015952449882719953,0.24592847205172272,0.90974957
0.0015952449882719953,0.24641951059824863,0.9095648
0.0016011533030433729,0.24641951059824863,0.9095631
0.0016011533030433729,0.2468287093870202,0.9092432
0.0016070616178147507,0.2468287093870202,0.9091225
0.0016070616178147507,0.24740158769130044,0.90867406
0.0016129699325861285,0.24740158769130044,0.9086207
0.0016129699325861285,0.24789262623782635,0.9083684
0.0016188782473575062,0.24789262623782635,0.9083462
0.0016188782473575062,0.24797446599558065,0.9082982
0.001624786562128884,0.24797446599558065,0.90824217
0.001624786562128884,0.24879286357312383,0.90790015
0.0016306948769002618,0.24879286357312383,0.90783197
0.0016306948769002618,0.24928390211964974,0.90769535
0.0016366031916716394,0.24928390211964974,0.90764475
0.0016366031916716394,0.24944758163515837,0.90748745
0.0016425115064430172,0.24944758163515837,0.90723234
0.0016425115064430172,0.249611261150667,0.9070064
0.001648419821214395,0.249611261150667,0.90697825
0.001648419821214395,0.25100253703249037,0.90607506
0.0016543281359857728,0.25100253703249037,0.90594053
0.0016543281359857728,0.2514935755790163,0.9057237
0.0016602364507571506,0.2514935755790163,0.90570736
0.0016602364507571506,0.2515754153367706,0.90568966
0.0016661447655285282,0.2515754153367706,0.90556324
0.0016661447655285282,0.25173909485227924,0.9054911
0.001672053080299906,0.25173909485227924,0.9054474
0.001672053080299906,0.25288485146083967,0.904762
0.0016779613950712838,0.25288485146083967,0.9046711
0.0016779613950712838,0.25304853097634833,0.9042637
0.0016838697098426616,0.25304853097634833,0.90424055
0.0016838697098426616,0.25550372370897784,0.9026196
0.0016897780246140394,0.25550372370897784,0.9026156
0.0016897780246140394,0.2557492429822408,0.90247357
0.0016956863393854172,0.2557492429822408,0.90240765
0.0016956863393854172,0.2565676405597839,0.901897
0.0017015946541567948,0.2565676405597839,0.90185946
0.0017015946541567948,0.2584499549881332,0.9001845
0.0017075029689281726,0.2584499549881332,0.9001425
0.0017075029689281726,0.25926835256567643,0.8993871
0.0017134112836995504,0.25926835256567643,0.89938384
0.0017134112836995504,0.2595957115966937,0.8992214
0.0017193195984709282,0.2595957115966937,0.89915943
0.0017193195984709282,0.26041410917423685,0.8984717
0.0017311362280136838,0.26041410917423685,0.8983977
0.0017311362280136838,0.26082330796300845,0.89813894
0.0017370445427850613,0.26082330796300845,0.8978826
0.0017370445427850613,0.26131434650953433,0.89761287
0.0017429528575564391,0.26131434650953433,0.8976036
0.0017429528575564391,0.26172354529830594,0.8972328
0.001748861172327817,0.26172354529830594,0.89719105
0.001748861172327817,0.26303298142237497,0.8964681
0.0017547694870991947,0.26303298142237497,0.8964093
0.0017547694870991947,0.2635240199689009,0.8961859
0.0017665861166419501,0.2635240199689009,0.89616126
0.0017665861166419501,0.2640968982731811,0.8956376
0.0017784027461847057,0.2640968982731811,0.8955489
0.0017784027461847057,0.2649971356084786,0.8948093
0.0017843110609560835,0.2649971356084786,0.89478517
0.0017843110609560835,0.26581553318602175,0.89433056
0.0017902193757274613,0.26581553318602175,0.8943201
0.0017902193757274613,0.26622473197479335,0.89400375
0.001796127690498839,0.26622473197479335,0.8939165
0.001796127690498839,0.26720680906784516,0.8934065
0.0018020360052702167,0.26720680906784516,0.89332235
0.0018020360052702167,0.26769784761437104,0.8928503
0.0018079443200415945,0.26769784761437104,0.8928136
0.0018079443200415945,0.26908912349619446,0.8919707
0.0018138526348129723,0.26908912349619446,0.8919697
0.0018138526348129723,0.2693346427694574,0.8918917
0.0018256692643557279,0.2693346427694574,0.89174664
0.0018256692643557279,0.26958016204272034,0.89167756
0.0018374858938984833,0.26958016204272034,0.89148754
0.0018374858938984833,0.26966200180047467,0.8914472
0.001843394208669861,0.26966200180047467,0.8914325
0.001843394208669861,0.2700712005892463,0.89115626
0.0018493025234412389,0.2700712005892463,0.8909863
0.0018493025234412389,0.27056223913577215,0.8905971
0.0018611191529839945,0.27056223913577215,0.8905017
0.0018611191529839945,0.2708077584090351,0.8904169
0.0018729357825267498,0.2708077584090351,0.8903041
0.0018729357825267498,0.27129879695556103,0.88987315
0.0018847524120695054,0.27129879695556103,0.88985
0.0018847524120695054,0.27146247647106964,0.88979703
0.0018906607268408832,0.27146247647106964,0.8896702
0.0018906607268408832,0.2732629511416646,0.8886675
0.001896569041612261,0.2732629511416646,0.8886434
0.001896569041612261,0.27359031017268187,0.88861203
0.0019024773563836386,0.27359031017268187,0.8885328
0.0019024773563836386,0.2736721499304362,0.88851595
0.0019083856711550164,0.2736721499304362,0.88842493
0.0019083856711550164,0.27391766920369914,0.8882861
0.0019142939859263942,0.27391766920369914,0.8881173
0.0019142939859263942,0.27473606678124235,0.8873782
0.001920202300697772,0.27473606678124235,0.8873392
0.001920202300697772,0.2751452655700139,0.88686484
0.0019261106154691498,0.2751452655700139,0.8868444
0.0019261106154691498,0.2757181438742941,0.8862973
0.0019320189302405276,0.2757181438742941,0.8862551
0.0019320189302405276,0.27620918242082004,0.88590616
0.0019379272450119052,0.27620918242082004,0.885808
0.0019379272450119052,0.27637286193632865,0.88568157
0.001943835559783283,0.27637286193632865,0.8856492
0.001943835559783283,0.2765365414518373,0.8853884
0.0019556521893260384,0.2765365414518373,0.8852929
0.0019556521893260384,0.27768229806039774,0.8847648
0.0019615605040974164,0.27768229806039774,0.8846897
0.0019615605040974164,0.28013749079302724,0.88347906
0.001967468818868794,0.28013749079302724,0.88343066
0.001967468818868794,0.2804648498240445,0.8831294
0.001973377133640172,0.2804648498240445,0.88311225
0.001973377133640172,0.28054668958179885,0.8830563
0.001985193763182927,0.28054668958179885,0.88276774
0.001985193763182927,0.28128324740158767,0.88195324
0.001991102077954305,0.28128324740158767,0.8819486
0.001991102077954305,0.28144692691709633,0.8819076
0.0020029187074970607,0.28144692691709633,0.88188136
0.0020029187074970607,0.28161060643260494,0.88174975
0.0020265519665825715,0.28161060643260494,0.881408
0.0020265519665825715,0.28169244619035927,0.8813229
0.0020324602813539495,0.28169244619035927,0.88131833
0.0020324602813539495,0.28210164497913087,0.8811043
0.002038368596125327,0.28210164497913087,0.88100564
0.002038368596125327,0.28242900401014814,0.8807987
0.002044276910896705,0.28242900401014814,0.8807487
0.002044276910896705,0.28398395940748017,0.87950665
0.0020501852256680827,0.28398395940748017,0.8795041
0.0020501852256680827,0.2843931581962517,0.8792249
0.0020560935404394603,0.2843931581962517,0.8791338
0.0020560935404394603,0.284720517227269,0.8789796
0.0020620018552108383,0.284720517227269,0.8789589
0.0020620018552108383,0.28529339553154925,0.8786879
0.002067910169982216,0.28529339553154925,0.8785947
0.002067910169982216,0.28586627383582947,0.8783568
0.002073818484753594,0.28586627383582947,0.8782706
0.002073818484753594,0.286520991897864,0.87778354
0.0020797267995249715,0.286520991897864,0.8777326
0.0020797267995249715,0.2879941075374417,0.8770303
0.002091543429067727,0.2879941075374417,0.877
0.002091543429067727,0.2899582617235453,0.8758135
0.0021092683733818602,0.2899582617235453,0.87557983
0.0021092683733818602,0.29118585808986003,0.8746602
0.0021151766881532382,0.29118585808986003,0.87457895
0.0021151766881532382,0.29159505687863163,0.87439024
0.002121085002924616,0.29159505687863163,0.8743704
0.002121085002924616,0.2923316146984205,0.8739561
0.0021329016324673714,0.2923316146984205,0.8739141
0.0021329016324673714,0.2929044930027007,0.87371695
0.002138809947238749,0.2929044930027007,0.8736729
0.002138809947238749,0.29315001227596366,0.8734689
0.002144718262010127,0.29315001227596366,0.87345076
0.002144718262010127,0.293231852033718,0.8733551
0.0021506265767815046,0.293231852033718,0.873251
0.0021506265767815046,0.2942139291267698,0.8723177
0.002156534891552882,0.2942139291267698,0.8723173
0.002156534891552882,0.2945412881577871,0.87216485
0.00216244320632426,0.2945412881577871,0.8721535
0.00216244320632426,0.29503232670431295,0.87182087
0.0021683515210956378,0.29503232670431295,0.8718054
0.0021683515210956378,0.2952778459775759,0.8714438
0.002174259835867016,0.2952778459775759,0.8713344
0.002174259835867016,0.2953596857353302,0.8712421
0.0021801681506383934,0.2953596857353302,0.8711903
0.0021801681506383934,0.29544152549308456,0.8711345
0.002186076465409771,0.29544152549308456,0.87113136
0.002186076465409771,0.29748751943694246,0.8697151
0.002191984780181149,0.29748751943694246,0.8695522
0.002191984780181149,0.2976511989524511,0.8695146
0.0021978930949525266,0.2976511989524511,0.86950153
0.0021978930949525266,0.29822407725673133,0.8692557
0.0022038014097239046,0.29822407725673133,0.869255
0.0022038014097239046,0.2986332760455029,0.8688545
0.00221561803926666,0.2986332760455029,0.8686898
0.00221561803926666,0.2987151158032572,0.8686433
0.0022215263540380377,0.2987151158032572,0.86854523
0.0022215263540380377,0.2994516736230461,0.86790264
0.0022274346688094153,0.2994516736230461,0.8678953
0.0022274346688094153,0.29969719289630903,0.8676525
0.0022333429835807933,0.29969719289630903,0.86756283
0.0022333429835807933,0.3000245519273263,0.86736965
0.002239251298352171,0.3000245519273263,0.8673599
0.002239251298352171,0.30027007120058924,0.86717266
0.002245159613123549,0.30027007120058924,0.8671611
0.002245159613123549,0.3009247892626238,0.866639
0.0022510679278949265,0.3009247892626238,0.86662936
0.0022510679278949265,0.3010066290203781,0.8665757
0.002256976242666304,0.3010066290203781,0.86654234
0.002256976242666304,0.3010884687781324,0.8665343
0.002262884557437682,0.3010884687781324,0.86644036
0.002262884557437682,0.3011703085358867,0.86642724
0.0022687928722090597,0.3011703085358867,0.8663517
0.0022687928722090597,0.3023160651444472,0.8653943
0.0022747011869804377,0.3023160651444472,0.8653322
0.0022747011869804377,0.30411653981504216,0.86438656
0.0022806095017518153,0.30411653981504216,0.864335
0.0022806095017518153,0.3046894181193224,0.8637586
0.002292426131294571,0.3046894181193224,0.8636342
0.002292426131294571,0.3052622964236026,0.86341494
0.0022983344460659485,0.3052622964236026,0.86341405
0.0022983344460659485,0.3053441361813569,0.86336315
0.0023042427608373265,0.3053441361813569,0.86325085
0.0023042427608373265,0.3055078156968655,0.8632101
0.002310151075608704,0.3055078156968655,0.8632074
0.002310151075608704,0.306408053032163,0.8624978
0.002316059390380082,0.306408053032163,0.8624619
0.002316059390380082,0.30763564939847776,0.86171645
0.0023278760199228372,0.30763564939847776,0.86144423
0.0023278760199228372,0.3077993289139864,0.86138517
0.0023337843346942153,0.3077993289139864,0.86133474
0.0023337843346942153,0.3081266879450037,0.86120933
0.002339692649465593,0.3081266879450037,0.861208
0.002339692649465593,0.3086995662492839,0.86085576
0.002345600964236971,0.3086995662492839,0.8608002
0.002345600964236971,0.3091906047958098,0.86047584
0.0023515092790083484,0.3091906047958098,0.8604492
0.0023515092790083484,0.30935428431131845,0.8603103
0.002357417593779726,0.30935428431131845,0.86022377
0.002357417593779726,0.310009002373353,0.8598678
0.002363325908551104,0.310009002373353,0.859864
0.002363325908551104,0.31099107946640475,0.85950184
0.0023692342233224816,0.31099107946640475,0.8594489
0.0023692342233224816,0.31140027825517635,0.8592413
0.0023751425380938596,0.31140027825517635,0.85922706
0.0023751425380938596,0.31213683607496523,0.8587219
0.002381050852865237,0.31213683607496523,0.8584724
0.002381050852865237,0.31311891316801704,0.85781586
0.0023869591676366152,0.31311891316801704,0.85774183
0.0023869591676366152,0.3145101890498404,0.85690814
0.0023987757971793704,0.3145101890498404,0.85679394
0.0023987757971793704,0.31475570832310334,0.85645944
0.0024046841119507484,0.31475570832310334,0.8564456
0.0024046841119507484,0.31516490711187495,0.8560123
0.002410592426722126,0.31516490711187495,0.85601026
0.002410592426722126,0.3152467468696293,0.85592693
0.002416500741493504,0.3152467468696293,0.8558465
0.002416500741493504,0.31573778541615516,0.85543984
0.0024224090562648816,0.31573778541615516,0.85533535
0.0024224090562648816,0.31614698420492676,0.85519797
0.002428317371036259,0.31614698420492676,0.8551423
0.002428317371036259,0.31655618299369837,0.8548203
0.002434225685807637,0.31655618299369837,0.8547752
0.002434225685807637,0.31663802275145264,0.85463923
0.0024401340005790148,0.31663802275145264,0.85463184
0.0024401340005790148,0.3171290612979786,0.8542698
0.0024519506301217703,0.3171290612979786,0.8541885
0.0024519506301217703,0.3179474588755217,0.85360616
0.002457858944893148,0.3179474588755217,0.85358983
0.002457858944893148,0.3190113757263279,0.85314494
0.002463767259664526,0.3190113757263279,0.85305685
0.002463767259664526,0.3192568949995908,0.85271555
0.0024696755744359035,0.3192568949995908,0.8526776
0.0024696755744359035,0.32048449136590557,0.85192764
0.0024755838892072815,0.32048449136590557,0.85181564
0.0024755838892072815,0.32081185039692284,0.8516419
0.002481492203978659,0.32081185039692284,0.8516377
0.002481492203978659,0.32089369015467717,0.8516113
0.002487400518750037,0.32089369015467717,0.8515921
0.002487400518750037,0.3210573696701858,0.8512648
0.0024992171482927923,0.3210573696701858,0.851235
0.0024992171482927923,0.3211392094279401,0.85119635
0.0025051254630641703,0.3211392094279401,0.8511511
0.0025051254630641703,0.32138472870120305,0.8510344
0.002511033777835548,0.32138472870120305,0.8509705
0.002511033777835548,0.32187576724772893,0.8506445
0.002516942092606926,0.32187576724772893,0.85043955
0.002516942092606926,0.3222031262787462,0.85026956
0.0025228504073783035,0.3222031262787462,0.85005784
0.0025228504073783035,0.32253048530976347,0.8499779
0.002528758722149681,0.32253048530976347,0.8498224
0.002528758722149681,0.32383992143383256,0.849139
0.002534667036921059,0.32383992143383256,0.8490718
0.002534667036921059,0.3239217611915869,0.8489772
0.0025405753516924367,0.3239217611915869,0.8489095
0.0025405753516924367,0.32433095998035844,0.8485792
0.0025464836664638147,0.32433095998035844,0.84857213
0.0025464836664638147,0.3249038382846387,0.8478334
0.0025523919812351923,0.3249038382846387,0.8476931
0.0025523919812351923,0.3250675178001473,0.8474271
0.00255830029600657,0.3250675178001473,0.8474162
0.00255830029600657,0.325231197315656,0.84737426
0.0025701169255493254,0.325231197315656,0.8473324
0.0025701169255493254,0.3253948768311646,0.8472752
0.0025760252403207035,0.3253948768311646,0.84726703
0.0025760252403207035,0.3254767165889189,0.8472015
0.002581933555092081,0.3254767165889189,0.8468882
0.002581933555092081,0.3264587936819707,0.8464403
0.002581933555092081,0.32662247319747933,0.84639096
0.002581933555092081,0.3271135117440052,0.84602886
0.002587841869863459,0.3271135117440052,0.8459405
0.002587841869863459,0.32801374907930275,0.84522367
0.0025937501846348366,0.32801374907930275,0.8452177
0.0025937501846348366,0.32875030689909157,0.844299
0.002599658499406214,0.32875030689909157,0.8442839
0.002599658499406214,0.32948686471888045,0.843766
0.0026055668141775922,0.32948686471888045,0.8436753
0.0026055668141775922,0.3297323839921434,0.84324485
0.00261147512894897,0.3297323839921434,0.84315646
0.00261147512894897,0.3298142237498977,0.8431389
0.002617383443720348,0.3298142237498977,0.8430896
0.002617383443720348,0.3303052622964236,0.8424278
0.0026232917584917254,0.3303052622964236,0.842389
0.0026232917584917254,0.33055078156968654,0.84218293
0.002629200073263103,0.33055078156968654,0.8421643
0.002629200073263103,0.33079630084294953,0.8420608
0.0026410167028058586,0.33079630084294953,0.8418842
0.0026410167028058586,0.3312873393894754,0.8414109
0.0026469250175772366,0.3312873393894754,0.841388
0.0026469250175772366,0.33153285866273835,0.8412984
0.002652833332348614,0.33153285866273835,0.84129685
0.002652833332348614,0.3318602176937556,0.8412046
0.0026587416471199918,0.3318602176937556,0.841017
0.0026587416471199918,0.3321875767247729,0.8408689
0.0026646499618913698,0.3321875767247729,0.8408353
0.0026646499618913698,0.33292413454456177,0.84043723
0.0026705582766627474,0.33292413454456177,0.84042907
0.0026705582766627474,0.333497012848842,0.8400279
0.0026764665914341254,0.333497012848842,0.83998805
0.0026764665914341254,0.3335788526065963,0.8399164
0.002688283220976881,0.3335788526065963,0.83986664
0.002688283220976881,0.33480644897291106,0.8385429
0.0026941915357482586,0.33480644897291106,0.83853203
0.0026941915357482586,0.3352156477616826,0.8380726
0.002700099850519636,0.3352156477616826,0.8379282
0.002700099850519636,0.33644324412799737,0.8370835
0.002706008165291014,0.33644324412799737,0.83698195
0.002706008165291014,0.33734348146329485,0.8361565
0.0027119164800623917,0.33734348146329485,0.83596367
0.0027119164800623917,0.3376708404943121,0.8358506
0.0027178247948337697,0.3376708404943121,0.83581465
0.0027178247948337697,0.3378345200098208,0.835747
0.0027237331096051473,0.3378345200098208,0.8357282
0.0027237331096051473,0.33873475734511826,0.8350035
0.002735549739147903,0.33873475734511826,0.83483523
0.002735549739147903,0.33947131516490714,0.83413243
0.0027473663686906585,0.33947131516490714,0.83412266
0.0027473663686906585,0.34004419346918735,0.8338342
0.002753274683462036,0.34004419346918735,0.8337993
0.002753274683462036,0.34061707177346756,0.83337
0.0027650913130047917,0.34061707177346756,0.8333189
0.0027650913130047917,0.34094443080448483,0.83315116
0.0027709996277761693,0.34094443080448483,0.8331506
0.0027709996277761693,0.341762828382028,0.83241403
0.0027769079425475473,0.341762828382028,0.8323846
0.0027769079425475473,0.3418446681397823,0.8323533
0.002782816257318925,0.3418446681397823,0.83234155
0.002782816257318925,0.34249938620181686,0.8317996
0.002788724572090303,0.34249938620181686,0.83173853
0.002788724572090303,0.3429085849905884,0.8312194
0.0027946328868616805,0.3429085849905884,0.83118844
0.0027946328868616805,0.3431541042638514,0.8311142
0.002806449516404436,0.3431541042638514,0.8310389
0.002806449516404436,0.34331778377936,0.8310057
0.0028123578311758136,0.34331778377936,0.83099246
0.0028123578311758136,0.34413618135690316,0.83007956
0.0028182661459471917,0.34413618135690316,0.830012
0.0028182661459471917,0.34544561748097224,0.82930773
0.0028241744607185692,0.34544561748097224,0.8292985
0.0028241744607185692,0.3474097716670759,0.8280003
0.002830082775489947,0.3474097716670759,0.82789093
0.002830082775489947,0.3478189704558475,0.8277208
0.0028418994050327024,0.3478189704558475,0.8275787
0.0028418994050327024,0.34847368851788196,0.827329
0.0028478077198040804,0.34847368851788196,0.82731897
0.0028478077198040804,0.3486373680333906,0.8271811
0.002853716034575458,0.3486373680333906,0.827177
0.002853716034575458,0.34880104754889923,0.8271159
0.0028596243493468356,0.34880104754889923,0.827115
0.0028596243493468356,0.34904656682216223,0.8269513
0.0028655326641182136,0.34904656682216223,0.8268023
0.0028655326641182136,0.3491284065799165,0.82671905
0.002871440978889591,0.3491284065799165,0.82655805
0.002871440978889591,0.3497012848841967,0.8260952
0.002883257608432347,0.3497012848841967,0.8260135
0.002883257608432347,0.34978312464195105,0.825965
0.002889165923203725,0.34978312464195105,0.8258999
0.002889165923203725,0.3498649643997054,0.8258995
0.0028950742379751024,0.3498649643997054,0.82585484
0.0028950742379751024,0.35035600294623126,0.8252449
0.00290098255274648,0.35035600294623126,0.82516456
0.00290098255274648,0.3504378427039856,0.82500607
0.002906890867517858,0.3504378427039856,0.8249047
0.002906890867517858,0.3508470414927572,0.82467663
0.0029187074970606136,0.3508470414927572,0.8245736
0.0029187074970606136,0.35125624028152874,0.824421
0.002924615811831991,0.35125624028152874,0.824329
0.002924615811831991,0.35207463785907195,0.82358783
0.0029305241266033687,0.35207463785907195,0.8235721
0.0029305241266033687,0.3521564776168263,0.8235615
0.0029364324413747468,0.3521564776168263,0.8234011
0.0029364324413747468,0.3524838366478435,0.82290417
0.0029423407561461243,0.3524838366478435,0.822853
0.0029423407561461243,0.3525656764055978,0.82277334
0.0029423407561461243,0.3527293559211065,0.82277197
0.0029423407561461243,0.35313855470987804,0.8224649
0.0029482490709175023,0.35313855470987804,0.822443
0.0029482490709175023,0.3533022342253867,0.8224247
0.00295415738568888,0.3533022342253867,0.8224201
0.00295415738568888,0.35452983059170146,0.8215914
0.0029600657004602575,0.35452983059170146,0.8214635
0.0029600657004602575,0.35510270889598167,0.82099104
0.0029659740152316355,0.35510270889598167,0.8207849
0.0029659740152316355,0.3552663884114903,0.82053965
0.002971882330003013,0.3552663884114903,0.8204982
0.002971882330003013,0.3560847859890335,0.81991637
0.0029896072743171467,0.3560847859890335,0.81983304
0.0029896072743171467,0.3566576642933137,0.8193282
0.0029955155890885243,0.3566576642933137,0.8192352
0.0029955155890885243,0.3575579016286112,0.8182361
0.003001423903859902,0.3575579016286112,0.81810945
0.003001423903859902,0.3576397413863655,0.8180375
0.00300733221863128,0.3576397413863655,0.817935
0.00300733221863128,0.3578034209018741,0.8178994
0.0030132405334026575,0.3578034209018741,0.81774354
0.0030132405334026575,0.35829445944840005,0.81756765
0.0030191488481740355,0.35829445944840005,0.81755894
0.0030191488481740355,0.35927653654145186,0.8171754
0.003025057162945413,0.35927653654145186,0.81715775
0.003025057162945413,0.3598494148457321,0.81681025
0.0030309654777167907,0.3598494148457321,0.8168045
0.0030309654777167907,0.3600130943612407,0.81668884
0.0030368737924881687,0.3600130943612407,0.81648487
0.0030368737924881687,0.3602586136345036,0.81644416
0.0030486904220309243,0.3602586136345036,0.81632715
0.0030486904220309243,0.3614862100008184,0.8155623
0.003054598736802302,0.3614862100008184,0.8155555
0.003054598736802302,0.3630411653981504,0.8145827
0.0030605070515736794,0.3630411653981504,0.8145231
0.0030605070515736794,0.36336852442916767,0.8140281
0.0030664153663450574,0.36336852442916767,0.81400615
0.0030664153663450574,0.3638595629756936,0.81380796
0.003078231995887813,0.3638595629756936,0.813406
0.003078231995887813,0.36410508224895655,0.81321156
0.0030900486254305686,0.36410508224895655,0.8131378
0.0030900486254305686,0.36451428103772815,0.8129132
0.003101865254973324,0.36451428103772815,0.8128364
0.003101865254973324,0.3663147557083231,0.81182414
0.0031136818845160794,0.3663147557083231,0.8117535
0.0031136818845160794,0.3673786725591292,0.81119615
0.003125498514058835,0.3673786725591292,0.811106
0.003125498514058835,0.3682789098944267,0.81022525
0.003143223458372968,0.3682789098944267,0.81015146
0.003143223458372968,0.368360749652181,0.8100348
0.0031550400879157238,0.368360749652181,0.809938
0.0031550400879157238,0.36860626892544396,0.8098139
0.0031609484026871013,0.36860626892544396,0.80976206
0.0031609484026871013,0.3687699484409526,0.80972993
0.0031668567174584794,0.3687699484409526,0.80970144
0.0031668567174584794,0.36991570504951304,0.80883735
0.003172765032229857,0.36991570504951304,0.80875343
0.003172765032229857,0.370406743596039,0.80837065
0.003178673347001235,0.370406743596039,0.8083648
0.003178673347001235,0.37089778214256486,0.8079783
0.0031845816617726125,0.37089778214256486,0.8079722
0.0031845816617726125,0.3711433014158278,0.8077499
0.0031904899765439905,0.3711433014158278,0.80765843
0.0031904899765439905,0.37163433996235373,0.80733705
0.003196398291315368,0.37163433996235373,0.80733377
0.003196398291315368,0.37220721826663394,0.8068693
0.0032023066060867457,0.37220721826663394,0.8068535
0.0032023066060867457,0.3731074556019314,0.8061073
0.0032141232356295013,0.3731074556019314,0.80604434
0.0032141232356295013,0.3741713724527375,0.8052086
0.003225939865172257,0.3741713724527375,0.80506766
0.003225939865172257,0.3747442507570178,0.8048648
0.0032318481799436345,0.3747442507570178,0.80485815
0.0032318481799436345,0.37670840494312136,0.8030266
0.0032377564947150125,0.37670840494312136,0.80295557
0.0032377564947150125,0.3769539242163843,0.80273026
0.003249573124257768,0.3769539242163843,0.8025903
0.003249573124257768,0.3771994434896473,0.80251503
0.0032554814390291457,0.3771994434896473,0.8025058
0.0032554814390291457,0.3777723217939275,0.80195093
0.0032613897538005237,0.3777723217939275,0.80189425
0.0032613897538005237,0.37990015549553974,0.7999723
0.0032672980685719013,0.37990015549553974,0.79989094
0.0032672980685719013,0.38047303379981995,0.7995816
0.003273206383343279,0.38047303379981995,0.7993371
0.003273206383343279,0.3805548735575743,0.7993217
0.003279114698114657,0.3805548735575743,0.79915816
0.003279114698114657,0.3811277518618545,0.7988037
0.0032850230128860344,0.3811277518618545,0.79864526
0.0032850230128860344,0.3812095916196088,0.7986346
0.0032909313276574125,0.3812095916196088,0.7985661
0.0032909313276574125,0.3822735084704149,0.7978968
0.0033027479572001676,0.3822735084704149,0.79782087
0.0033027479572001676,0.38333742532122106,0.7973924
0.0033086562719715456,0.38333742532122106,0.7973619
0.0033086562719715456,0.38382846386774694,0.7970595
0.0033145645867429232,0.38382846386774694,0.79698944
0.0033145645867429232,0.38391030362550127,0.7969824
0.0033204729015143012,0.38391030362550127,0.79689723
0.0033204729015143012,0.3839921433832556,0.79687655
0.003326381216285679,0.3839921433832556,0.7967708
0.003326381216285679,0.3840739831410099,0.7967663
0.0033322895310570564,0.3840739831410099,0.79667217
0.0033322895310570564,0.3845650216875358,0.79643327
0.0033381978458284344,0.3845650216875358,0.7964171
0.0033381978458284344,0.38538341926507896,0.7957999
0.003344106160599812,0.38538341926507896,0.7957821
0.003344106160599812,0.3855470987805876,0.7957229
0.00335001447537119,0.3855470987805876,0.79571277
0.00335001447537119,0.3856289385383419,0.79570496
0.0033559227901425676,0.3856289385383419,0.79565597
0.0033559227901425676,0.38611997708486784,0.7952323
0.0033618311049139456,0.38611997708486784,0.7951891
0.0033618311049139456,0.38620181684262217,0.7951083
0.0033736477344567008,0.38620181684262217,0.7950046
0.0033736477344567008,0.38800229151321713,0.7940598
0.003379556049228079,0.38800229151321713,0.79397684
0.003379556049228079,0.3883296505442344,0.79382217
0.0033913726787708344,0.3883296505442344,0.7937089
0.0033913726787708344,0.3889025288485146,0.7933201
0.003397280993542212,0.3889025288485146,0.7933124
0.003397280993542212,0.38914804812177756,0.79305214
0.0034031893083135895,0.38914804812177756,0.79281354
0.0034031893083135895,0.3893117276372862,0.79265475
0.0034090976230849676,0.3893117276372862,0.7924807
0.0034090976230849676,0.38963908666830344,0.7922984
0.003415005937856345,0.38963908666830344,0.79222625
0.003415005937856345,0.3898027661838121,0.79221374
0.003420914252627723,0.3898027661838121,0.7921967
0.003420914252627723,0.38988460594156643,0.79216236
0.0034268225673991007,0.38988460594156643,0.79208905
0.0034268225673991007,0.39045748424584664,0.79179955
0.0034327308821704783,0.39045748424584664,0.7917728
0.0034327308821704783,0.390539324003601,0.7917554
0.0034386391969418563,0.390539324003601,0.7916033
0.0034386391969418563,0.39062116376135525,0.7915581
0.003450455826484612,0.39062116376135525,0.7913923
0.003450455826484612,0.3907848432768639,0.79105574
0.0034563641412559895,0.3907848432768639,0.7910089
0.0034563641412559895,0.3911122023078812,0.7907676
0.0034622724560273675,0.3911122023078812,0.7906889
0.0034622724560273675,0.392094279400933,0.78995144
0.003468180770798745,0.392094279400933,0.78986096
0.003468180770798745,0.3921761191586873,0.7898155
0.0034740890855701227,0.3921761191586873,0.7897712
0.0034740890855701227,0.39250347818970455,0.7895185
0.0034799974003415007,0.39250347818970455,0.7894725
0.0034799974003415007,0.3925853179474589,0.7894011
0.0034859057151128783,0.3925853179474589,0.7892911
0.0034859057151128783,0.39307635649398476,0.7891075
0.0034918140298842563,0.39307635649398476,0.7890365
0.0034918140298842563,0.3931581962517391,0.78902423
0.003497722344655634,0.3931581962517391,0.7890228
0.003497722344655634,0.3935673950405107,0.788662
0.0035036306594270115,0.3935673950405107,0.78860044
0.0035036306594270115,0.3941402733447909,0.78811353
0.0035095389741983895,0.3941402733447909,0.7880477
0.0035095389741983895,0.39479499140682545,0.7877373
0.003515447288969767,0.39479499140682545,0.7876883
0.003515447288969767,0.3951223504378427,0.7872168
0.003521355603741145,0.3951223504378427,0.78718555
0.003521355603741145,0.39585890825763154,0.78651375
0.0035272639185125227,0.39585890825763154,0.7864493
0.0035272639185125227,0.3969228251084377,0.78559154
0.003544988862826656,0.3969228251084377,0.78544855
0.003544988862826656,0.397004664866192,0.78544337
0.003550897177598034,0.397004664866192,0.7852905
0.003550897177598034,0.3974957034127179,0.78495246
0.0035568054923694114,0.3974957034127179,0.7849078
0.0035568054923694114,0.39782306244373516,0.78463566
0.0035627138071407894,0.39782306244373516,0.7846328
0.0035627138071407894,0.3984777805057697,0.78419584
0.003568622121912167,0.3984777805057697,0.78418154
0.003568622121912167,0.39872329977903265,0.7838877
0.0035745304366835446,0.39872329977903265,0.7838677
0.0035745304366835446,0.3989688190522956,0.7834157
0.0035804387514549226,0.3989688190522956,0.7833098
0.0035804387514549226,0.3997872166298388,0.78273416
0.0035863470662263,0.3997872166298388,0.78271824
0.0035863470662263,0.39986905638759307,0.7825847
0.003598163695769056,0.39986905638759307,0.78234893
0.003598163695769056,0.3999508961453474,0.78232414
0.0036040720105404334,0.3999508961453474,0.7822611
0.0036040720105404334,0.40019641541861034,0.7820776
0.0036099803253118114,0.40019641541861034,0.78191596
0.0036099803253118114,0.40101481299615355,0.78109086
0.003615888640083189,0.40101481299615355,0.7810847
0.003615888640083189,0.4018332105736967,0.78055704
0.003621796954854567,0.4018332105736967,0.7805494
0.003621796954854567,0.40191505033145103,0.78043133
0.0036277052696259446,0.40191505033145103,0.7803559
0.0036277052696259446,0.40289712742450284,0.7797688
0.003633613584397322,0.40289712742450284,0.77974755
0.003633613584397322,0.40347000572878305,0.77941495
0.0036395218991687,0.40347000572878305,0.7794023
0.0036395218991687,0.4035518454865374,0.7792109
0.0036454302139400777,0.4035518454865374,0.77919286
0.0036454302139400777,0.4042884033063262,0.7787389
0.0036513385287114558,0.4042884033063262,0.7786734
0.0036513385287114558,0.40437024306408054,0.77866215
0.0036572468434828333,0.40437024306408054,0.778629
0.0036572468434828333,0.4054341599148866,0.77801013
0.0036631551582542114,0.4054341599148866,0.7778091
0.0036631551582542114,0.4057615189459039,0.77754974
0.003669063473025589,0.4057615189459039,0.7774883
0.003669063473025589,0.4065799165234471,0.776716
0.0036749717877969665,0.4065799165234471,0.7766976
0.0036749717877969665,0.4066617562812014,0.77648306
0.0036808801025683445,0.4066617562812014,0.7764262
0.0036808801025683445,0.4071527948277273,0.7762404
0.003686788417339722,0.4071527948277273,0.7762322
0.003686788417339722,0.4100171863491284,0.77425516
0.0036926967321111,0.4100171863491284,0.77424115
0.0036926967321111,0.41026270562239137,0.7741228
0.0036986050468824777,0.41026270562239137,0.7740198
0.0036986050468824777,0.4103445453801457,0.7740069
0.0037045133616538553,0.4103445453801457,0.77372164
0.0037045133616538553,0.4105082248956543,0.7734428
0.0037104216764252333,0.4105082248956543,0.7734218
0.0037104216764252333,0.4114903019887061,0.77294147
0.003716329991196611,0.4114903019887061,0.7729223
0.003716329991196611,0.4127997381127752,0.77195317
0.003722238305967989,0.4127997381127752,0.771826
0.003722238305967989,0.41304525738603814,0.7717419
0.0037281466207393665,0.41304525738603814,0.7717399
0.0037281466207393665,0.41320893690154675,0.771655
0.003734054935510744,0.41320893690154675,0.77162063
0.003734054935510744,0.4133726164170554,0.7715896
0.003739963250282122,0.4133726164170554,0.77157104
0.003739963250282122,0.413536295932564,0.7714173
0.0037458715650534997,0.413536295932564,0.77138907
0.0037458715650534997,0.4138636549635813,0.77116644
0.0037517798798248777,0.4138636549635813,0.7711501
0.0037517798798248777,0.41402733447908996,0.77110875
0.0037576881945962553,0.41402733447908996,0.77110636
0.0037576881945962553,0.41410917423684424,0.77109915
0.0037635965093676333,0.41410917423684424,0.7709903
0.0037635965093676333,0.41451837302561584,0.7707691
0.003769504824139011,0.41451837302561584,0.77075523
0.003769504824139011,0.4148457320566331,0.77045196
0.0037754131389103884,0.4148457320566331,0.7704302
0.0037754131389103884,0.41492757181438744,0.77031815
0.0037813214536817664,0.41492757181438744,0.7702386
0.0037813214536817664,0.4150094115721418,0.76999784
0.003787229768453144,0.4150094115721418,0.7698894
0.003787229768453144,0.4151730910876504,0.76961154
0.003793138083224522,0.4151730910876504,0.76959115
0.003793138083224522,0.415336770603159,0.7695614
0.0037990463979958996,0.415336770603159,0.76952165
0.0037990463979958996,0.4154186103609133,0.76949835
0.003804954712767277,0.4154186103609133,0.76946336
0.003804954712767277,0.4162370079384565,0.7688929
0.0038108630275386552,0.4162370079384565,0.76888835
0.0038108630275386552,0.41656436696947374,0.7687371
0.003816771342310033,0.41656436696947374,0.7687058
0.003816771342310033,0.4166462067272281,0.7686728
0.003822679657081411,0.4166462067272281,0.76861346
0.003822679657081411,0.4167280464849824,0.7685931
0.0038285879718527884,0.4167280464849824,0.76855385
0.0038285879718527884,0.41680988624273674,0.7683651
0.003834496286624166,0.41680988624273674,0.7682825
0.003834496286624166,0.41787380309354283,0.7676024
0.003840404601395544,0.41787380309354283,0.76759
0.003840404601395544,0.4180374826090515,0.7675424
0.0038463129161669216,0.4180374826090515,0.7674172
0.0038463129161669216,0.41844668139782304,0.76716983
0.0038522212309382996,0.41844668139782304,0.76712894
0.0038522212309382996,0.418937719944349,0.7669703
0.003858129545709677,0.418937719944349,0.7668742
0.003858129545709677,0.4193469187331206,0.7667696
0.0038699461752524328,0.4193469187331206,0.76664513
0.0038699461752524328,0.41942875849087485,0.7666308
0.0038758544900238103,0.41942875849087485,0.7665609
0.0038758544900238103,0.42000163679515506,0.76626545
0.0038817628047951884,0.42000163679515506,0.7661101
0.0038817628047951884,0.4200834765529094,0.766015
0.003887671119566566,0.4200834765529094,0.76593363
0.003887671119566566,0.42073819461494394,0.76541245
0.003893579434337944,0.42073819461494394,0.7653842
0.003893579434337944,0.4212292331614698,0.76509404
0.003905396063880699,0.4212292331614698,0.76477444
0.003905396063880699,0.42131107291922415,0.7647239
0.003911304378652077,0.42131107291922415,0.7646184
0.003911304378652077,0.42221131025452163,0.76384676
0.003917212693423455,0.42221131025452163,0.7638251
0.003917212693423455,0.4223749897700303,0.7636748
0.003923121008194833,0.4223749897700303,0.76366985
0.003923121008194833,0.42245682952778457,0.7636352
0.003929029322966211,0.42245682952778457,0.7635734
0.003929029322966211,0.4225386692855389,0.76350915
0.003934937637737588,0.4225386692855389,0.7633707
0.003934937637737588,0.4229478680743105,0.7631258
0.003940845952508966,0.4229478680743105,0.7631016
0.003940845952508966,0.42302970783206484,0.76304203
0.003946754267280344,0.42302970783206484,0.7630292
0.003946754267280344,0.4233570668630821,0.7626328
0.003952662582051721,0.4233570668630821,0.76255333
0.003952662582051721,0.4236844258940993,0.7622853
0.003958570896823099,0.4236844258940993,0.76216096
0.003958570896823099,0.423848105409608,0.7620927
0.003976295841137232,0.423848105409608,0.7619366
0.003976295841137232,0.4242573041983796,0.7616315
0.00398220415590861,0.4242573041983796,0.7615998
0.00398220415590861,0.42458466322939686,0.76122767
0.003988112470679988,0.42458466322939686,0.761186
0.003988112470679988,0.4248301825026598,0.76109225
0.0039999291002227435,0.4248301825026598,0.7608875
0.0039999291002227435,0.4249938620181684,0.7608337
0.0040058374149941215,0.4249938620181684,0.76071095
0.0040058374149941215,0.4257304198379573,0.76031995
0.004011745729765499,0.4257304198379573,0.7602342
0.004011745729765499,0.4261396186267289,0.76009226
0.004017654044536877,0.4261396186267289,0.7600912
0.004017654044536877,0.42638513789999183,0.76006126
0.004023562359308255,0.42638513789999183,0.7600479
0.004023562359308255,0.4267124969310091,0.7594914
0.004029470674079633,0.4267124969310091,0.75948423
0.004029470674079633,0.4272853752352893,0.7589628
0.004041287303622388,0.4272853752352893,0.7589266
0.004041287303622388,0.4278582535395695,0.7585993
0.004047195618393766,0.4278582535395695,0.75851893
0.004047195618393766,0.4294950486946559,0.7578247
0.004053103933165143,0.4294950486946559,0.75776505
0.004053103933165143,0.42957688845241015,0.75773114
0.004059012247936521,0.42957688845241015,0.7576513
0.004059012247936521,0.4302316065144447,0.7569292
0.004070828877479276,0.4302316065144447,0.7568337
0.004070828877479276,0.43055896554546197,0.75656027
0.004076737192250654,0.43055896554546197,0.75647426
0.004076737192250654,0.43072264506097063,0.75643265
0.004082645507022032,0.43072264506097063,0.7563186
0.004082645507022032,0.43096816433423357,0.75576735
0.00408855382179341,0.43096816433423357,0.75562936
0.00408855382179341,0.4310500040919879,0.755563
0.004094462136564787,0.4310500040919879,0.7555177
0.004094462136564787,0.4311318438497422,0.75550085
0.004100370451336165,0.4311318438497422,0.7554101
0.004100370451336165,0.4321957607005483,0.7543183
0.004106278766107543,0.4321957607005483,0.7543156
0.004106278766107543,0.43260495948931993,0.7541438
0.0041121870808789205,0.43260495948931993,0.7540238
0.0041121870808789205,0.43276863900482854,0.7539167
0.0041180953956502985,0.43276863900482854,0.75386715
0.0041180953956502985,0.4330959980358458,0.7535706
0.0041240037104216766,0.4330959980358458,0.7535325
0.0041240037104216766,0.43317783779360014,0.753509
0.004129912025193055,0.43317783779360014,0.7534932
0.004129912025193055,0.43334151730910875,0.7533593
0.004135820339964432,0.43334151730910875,0.75334877
0.004135820339964432,0.4344872739176692,0.7521663
0.00414172865473581,0.4344872739176692,0.75212204
0.00414172865473581,0.43465095343317783,0.7520414
0.004147636969507188,0.43465095343317783,0.75175035
0.004147636969507188,0.4351419919797037,0.751496
0.004153545284278565,0.4351419919797037,0.75143564
0.004153545284278565,0.43604222931500125,0.75095063
0.004159453599049943,0.43604222931500125,0.75074315
0.004159453599049943,0.43653326786152713,0.75057554
0.004165361913821321,0.43653326786152713,0.7505465
0.004165361913821321,0.4373516654390703,0.7498973
0.004177178543364076,0.4373516654390703,0.7498203
0.004177178543364076,0.43767902447008755,0.7494545
0.004183086858135454,0.43767902447008755,0.7494266
0.004183086858135454,0.43866110156313937,0.74876404
0.004188995172906832,0.43866110156313937,0.74874765
0.004188995172906832,0.4392339798674196,0.7483092
0.004194903487678209,0.4392339798674196,0.7482031
0.004194903487678209,0.43956133889843685,0.7477262
0.004200811802449587,0.43956133889843685,0.7477092
0.004200811802449587,0.4397250184139455,0.74768984
0.004206720117220965,0.4397250184139455,0.7476383
0.004206720117220965,0.43997053768720845,0.7474627
0.0042126284319923425,0.43997053768720845,0.74732983
0.0042126284319923425,0.44054341599148866,0.74689007
0.0042185367467637205,0.44054341599148866,0.74685544
0.0042185367467637205,0.4407070955069973,0.74673665
0.0042244450615350985,0.4407070955069973,0.74667436
0.0042244450615350985,0.4413618135690318,0.74607605
0.0042303533763064765,0.4413618135690318,0.74603087
0.0042303533763064765,0.44373516654390704,0.7433504
0.004236261691077854,0.44373516654390704,0.7433433
0.004236261691077854,0.44488092315246747,0.74259967
0.004242170005849232,0.44488092315246747,0.7425761
0.004242170005849232,0.44561748097225634,0.74173504
0.00424807832062061,0.44561748097225634,0.7417349
0.00424807832062061,0.4456993207300106,0.74164295
0.004253986635391987,0.4456993207300106,0.7416086
0.004253986635391987,0.4460266797610279,0.7413535
0.004259894950163365,0.4460266797610279,0.74131656
0.004259894950163365,0.44635403879204516,0.7407184
0.004265803264934743,0.44635403879204516,0.74064857
0.004265803264934743,0.44692691709632537,0.7403055
0.00427171157970612,0.44692691709632537,0.74023074
0.00427171157970612,0.44717243636958837,0.74009913
0.004283528209248876,0.44717243636958837,0.7399307
0.004283528209248876,0.44725427612734264,0.7399142
0.004289436524020254,0.44725427612734264,0.7398317
0.004289436524020254,0.4484000327359031,0.73885447
0.004301253153563009,0.4484000327359031,0.73871875
0.004301253153563009,0.45069154595302396,0.7366305
0.004307161468334387,0.45069154595302396,0.7365733
0.004307161468334387,0.4508552254685326,0.7364821
0.004313069783105764,0.4508552254685326,0.73646945
0.004313069783105764,0.45142810377281284,0.73562944
0.004318978097877142,0.45142810377281284,0.7355641
0.004318978097877142,0.4516736230460758,0.73544085
0.00432488641264852,0.4516736230460758,0.73542047
0.00432488641264852,0.45183730256158444,0.7352858
0.004330794727419898,0.45183730256158444,0.73508507
0.004330794727419898,0.45290121941239053,0.73408484
0.0043367030421912756,0.45290121941239053,0.73401064
0.0043367030421912756,0.45331041820116214,0.733631
0.004342611356962654,0.45331041820116214,0.73361605
0.004342611356962654,0.4539651362631967,0.7334192
0.004348519671734032,0.4539651362631967,0.73341864
0.004348519671734032,0.4542106555364596,0.73328644
0.004354427986505409,0.4542106555364596,0.7332166
0.004354427986505409,0.4546198543252312,0.73299265
0.004360336301276787,0.4546198543252312,0.73260874
0.004360336301276787,0.45592929044930025,0.73138916
0.004366244616048165,0.45592929044930025,0.7312787
0.004366244616048165,0.4560929699648089,0.73116356
0.004372152930819542,0.4560929699648089,0.73104304
0.004372152930819542,0.4569932073001064,0.73027825
0.00437806124559092,0.4569932073001064,0.7302049
0.00437806124559092,0.4574842458466323,0.72954047
0.004383969560362298,0.4574842458466323,0.72940737
0.004383969560362298,0.4579752843931582,0.7291945
0.004407602819447809,0.4579752843931582,0.72908425
0.004407602819447809,0.4581389639086668,0.7288776
0.004413511134219186,0.4581389639086668,0.728776
0.004413511134219186,0.4588755217284557,0.72753954
0.004419419448990564,0.4588755217284557,0.7274845
0.004419419448990564,0.4603486373680334,0.7261621
0.004425327763761942,0.4603486373680334,0.7258719
0.004425327763761942,0.460757836156805,0.72541815
0.00443123607853332,0.460757836156805,0.72523624
0.00443123607853332,0.4619035927653654,0.7235928
0.0044371443933046975,0.4619035927653654,0.7235841
0.0044371443933046975,0.4639495867092233,0.7218733
0.0044489610228474535,0.4639495867092233,0.7218211
0.0044489610228474535,0.46460430477125786,0.721082
0.004454869337618831,0.46460430477125786,0.72097975
0.004454869337618831,0.4646861445290122,0.7207507
0.004460777652390209,0.4646861445290122,0.7207496
0.004460777652390209,0.46501350356002946,0.7204917
0.004466685967161587,0.46501350356002946,0.72032624
0.004466685967161587,0.46517718307553807,0.7202785
0.004472594281932964,0.46517718307553807,0.7199474
0.004472594281932964,0.4655863818643097,0.7195488
0.00448441091147572,0.4655863818643097,0.71931064
0.00448441091147572,0.465668221622064,0.7192783
0.004490319226247098,0.465668221622064,0.7192759
0.004490319226247098,0.46591374089532694,0.71914405
0.004496227541018475,0.46591374089532694,0.71907926
0.004496227541018475,0.4661592601685899,0.71889806
0.004502135855789853,0.4661592601685899,0.7188534
0.004502135855789853,0.4671413372616417,0.71818155
0.004508044170561231,0.4671413372616417,0.717984
0.004508044170561231,0.4681234143546935,0.71741545
0.004513952485332608,0.4681234143546935,0.71740586
0.004513952485332608,0.4682870938702021,0.71713823
0.004525769114875364,0.4682870938702021,0.71706367
0.004525769114875364,0.4684507733857108,0.7170416
0.004531677429646742,0.4684507733857108,0.71694845
0.004531677429646742,0.4691054914477453,0.71625656
0.004537585744418119,0.4691054914477453,0.71623284
0.004537585744418119,0.46976020950977987,0.7156305
0.004543494059189497,0.46976020950977987,0.7156088
0.004543494059189497,0.47066044684507735,0.71444345
0.004549402373960875,0.47066044684507735,0.71442366
0.004549402373960875,0.47082412636058596,0.71424836
0.004555310688732253,0.47082412636058596,0.71405864
0.004555310688732253,0.47327931909321547,0.71111244
0.004561219003503631,0.47327931909321547,0.7110756
0.004561219003503631,0.4738521973974957,0.71070236
0.004567127318275009,0.4738521973974957,0.7106918
0.004567127318275009,0.475734511825845,0.7091902
0.004573035633046387,0.475734511825845,0.70915973
0.004573035633046387,0.47606187085686225,0.7089049
0.004578943947817764,0.47606187085686225,0.70878994
0.004578943947817764,0.4761437106146166,0.7087861
0.004584852262589142,0.4761437106146166,0.70873445
0.004584852262589142,0.4767984286766511,0.70820314
0.00459076057736052,0.4767984286766511,0.7080826
0.00459076057736052,0.4772076274654227,0.7076809
0.004596668892131897,0.4772076274654227,0.70766145
0.004596668892131897,0.4776986660119486,0.70734537
0.004608485521674653,0.4776986660119486,0.70724946
0.004608485521674653,0.47778050576970293,0.7071844
0.00461439383644603,0.47778050576970293,0.7071452
0.00461439383644603,0.47794418528521154,0.7070879
0.004620302151217408,0.47794418528521154,0.70697784
0.004620302151217408,0.47982649971356084,0.70519
0.004626210465988786,0.47982649971356084,0.70515174
0.004626210465988786,0.47990833947131517,0.70507914
0.004638027095531541,0.47990833947131517,0.7048591
0.004638027095531541,0.4800720189868238,0.7046892
0.004643935410302919,0.4800720189868238,0.7046852
0.004643935410302919,0.4803175382600868,0.7046522
0.0046557520398456745,0.4803175382600868,0.70459753
0.0046557520398456745,0.48039937801784105,0.7045166
0.0046616603546170525,0.48039937801784105,0.7043924
0.0046616603546170525,0.4804812177755954,0.70419306
0.0046675686693884305,0.4804812177755954,0.7041642
0.0046675686693884305,0.4807267370488583,0.70360136
0.004679385298931186,0.4807267370488583,0.70353264
0.004679385298931186,0.48121777559538426,0.70309347
0.004685293613702564,0.48121777559538426,0.70295715
0.004685293613702564,0.4829364105082249,0.7016381
0.004703018558016697,0.4829364105082249,0.7014585
0.004703018558016697,0.48318192978148783,0.7013638
0.004714835187559452,0.48318192978148783,0.7011372
0.004714835187559452,0.4835092888125051,0.7009701
0.004726651817102208,0.4835092888125051,0.70089704
0.004726651817102208,0.48383664784352237,0.70052415
0.004732560131873586,0.48383664784352237,0.70031935
0.004732560131873586,0.4849005646943285,0.69894505
0.004738468446644963,0.4849005646943285,0.6988949
0.004738468446644963,0.48498240445208285,0.6988765
0.004744376761416341,0.48498240445208285,0.6988319
0.004744376761416341,0.48514608396759146,0.69864964
0.004750285076187719,0.48514608396759146,0.6984833
0.004750285076187719,0.4852279237253458,0.6984357
0.004756193390959096,0.4852279237253458,0.6983986
0.004756193390959096,0.485800802029626,0.69787884
0.004762101705730474,0.485800802029626,0.6978445
0.004762101705730474,0.48604632130288894,0.6973038
0.004768010020501852,0.48604632130288894,0.6972738
0.004768010020501852,0.48612816106064327,0.69721687
0.004779826650044608,0.48612816106064327,0.6971655
0.004779826650044608,0.4862100008183976,0.69713956
0.004785734964815986,0.4862100008183976,0.69713235
0.004785734964815986,0.4867828791226778,0.69678336
0.004791643279587364,0.4867828791226778,0.6966537
0.004791643279587364,0.48702839839594075,0.69632584
0.004797551594358741,0.48702839839594075,0.69625056
0.004797551594358741,0.4871102381536951,0.69619006
0.004803459909130119,0.4871102381536951,0.6961568
0.004803459909130119,0.4876831164579753,0.6957013
0.004815276538672874,0.4876831164579753,0.6955468
0.004815276538672874,0.4882559947622555,0.6950957
0.00482709316821563,0.4882559947622555,0.6949072
0.00482709316821563,0.48833783452000984,0.69483745
0.004833001482987008,0.48833783452000984,0.69476247
0.004833001482987008,0.4885833537932728,0.69443834
0.004838909797758385,0.4885833537932728,0.69430065
0.004838909797758385,0.4887470333087814,0.6942438
0.004844818112529763,0.4887470333087814,0.69417316
0.004844818112529763,0.48981095015958753,0.69346654
0.004850726427301141,0.48981095015958753,0.69339395
0.004850726427301141,0.49005646943285047,0.6930087
0.004868451371615274,0.49005646943285047,0.6928635
0.004868451371615274,0.4910385465259023,0.692316
0.004874359686386652,0.4910385465259023,0.6922402
0.004874359686386652,0.4911203862836566,0.69219023
0.0048802680011580295,0.4911203862836566,0.6921758
0.0048802680011580295,0.4920206236189541,0.6916401
0.0048861763159294075,0.4920206236189541,0.6915695
0.0048861763159294075,0.49251166216548,0.6911059
0.0048920846307007855,0.49251166216548,0.69104934
0.0048920846307007855,0.4933300597430232,0.6897048
0.004897992945472163,0.4933300597430232,0.68967235
0.004897992945472163,0.4934937392585318,0.6896432
0.004903901260243541,0.4934937392585318,0.6895267
0.004903901260243541,0.49382109828954907,0.6891445
0.004909809575014919,0.49382109828954907,0.68913627
0.004909809575014919,0.49513053441361815,0.68768644
0.004921626204557674,0.49513053441361815,0.68768024
0.004921626204557674,0.4953760536868811,0.6875938
0.004927534519329052,0.4953760536868811,0.687414
0.004927534519329052,0.49676732956870445,0.68657285
0.00493344283410043,0.49676732956870445,0.6865584
0.00493344283410043,0.4968491693264588,0.68654054
0.004939351148871807,0.4968491693264588,0.6865089
0.004939351148871807,0.4972583681152304,0.68609744
0.004951167778414563,0.4972583681152304,0.6860783
0.004951167778414563,0.4975038873884933,0.6860229
0.00495707609318594,0.4975038873884933,0.68589306
0.00495707609318594,0.49758572714624766,0.6858791
0.004968892722728696,0.49758572714624766,0.68561363
0.004968892722728696,0.49774940666175627,0.6855479
0.004974801037500074,0.49774940666175627,0.68552834
0.004974801037500074,0.4979949259350192,0.6851922
0.004980709352271451,0.4979949259350192,0.6851544
0.004980709352271451,0.4991406825435797,0.6845655
0.0049866176670428294,0.4991406825435797,0.6844885
0.0049866176670428294,0.4993043620590883,0.68437934
0.0049925259818142075,0.4993043620590883,0.6843363
0.0049925259818142075,0.49954988133235123,0.6842856
0.004998434296585585,0.49954988133235123,0.6842437
0.004998434296585585,0.4997135608478599,0.68423986
0.005022067555671096,0.4997135608478599,0.6838133
0.005022067555671096,0.4997954006056142,0.6835399
0.005027975870442474,0.4997954006056142,0.68352145
0.005027975870442474,0.4998772403633685,0.6835109
0.005039792499985229,0.4998772403633685,0.6834647
0.005039792499985229,0.49995908012112283,0.6833063
0.005051609129527985,0.49995908012112283,0.6832691
0.005051609129527985,0.5000409198788771,0.6831473
0.005057517444299362,0.5000409198788771,0.6829566
0.005057517444299362,0.5013503560029462,0.68162143
0.00506342575907074,0.5013503560029462,0.6816146
0.00506342575907074,0.5018413945494722,0.6813634
0.005069334073842118,0.5018413945494722,0.6813619
0.005069334073842118,0.5019232343072264,0.6813599
0.005075242388613496,0.5019232343072264,0.681269
0.005075242388613496,0.5021687535804894,0.68112314
0.005087059018156251,0.5021687535804894,0.68108004
0.005087059018156251,0.5038055487355757,0.67967224
0.005092967332927629,0.5038055487355757,0.67964566
0.005092967332927629,0.5040510680088387,0.67943144
0.0050988756476990065,0.5040510680088387,0.6793341
0.0050988756476990065,0.504132907766593,0.6792452
0.0051047839624703845,0.504132907766593,0.679157
0.0051047839624703845,0.5043784270398559,0.67903286
0.0051106922772417625,0.5043784270398559,0.6789864
0.0051106922772417625,0.5047876258286276,0.67877537
0.00511660059201314,0.5047876258286276,0.6787288
0.00511660059201314,0.5051968246173991,0.678264
0.005134325536327274,0.5051968246173991,0.67814016
0.005134325536327274,0.505933382437188,0.6776114
0.005140233851098651,0.505933382437188,0.6775512
0.005140233851098651,0.5065881004992225,0.67706245
0.005146142165870029,0.5065881004992225,0.6770453
0.005146142165870029,0.5066699402569769,0.6769761
0.005152050480641407,0.5066699402569769,0.67688686
0.005152050480641407,0.5067517800147312,0.6768196
0.005157958795412784,0.5067517800147312,0.67676955
0.005157958795412784,0.5070791390457484,0.6765071
0.005163867110184162,0.5070791390457484,0.67645955
0.005163867110184162,0.50748833783452,0.67613107
0.005187500369269673,0.50748833783452,0.6759775
0.005187500369269673,0.5080612161388002,0.67568886
0.005199316998812428,0.5080612161388002,0.67566556
0.005199316998812428,0.5082248956543088,0.67544
0.0052052253135838064,0.5082248956543088,0.67535865
0.0052052253135838064,0.5085522546853262,0.6749388
0.0052111336283551845,0.5085522546853262,0.6748039
0.0052111336283551845,0.5088796137163434,0.67460465
0.005217041943126562,0.5088796137163434,0.6745118
0.005217041943126562,0.5092888125051149,0.6743147
0.00522295025789794,0.5092888125051149,0.674291
0.00522295025789794,0.5096161715361323,0.67405325
0.005228858572669318,0.5096161715361323,0.6739811
0.005228858572669318,0.5101072100826581,0.6736962
0.005240675202212073,0.5101072100826581,0.6736851
0.005240675202212073,0.5102708895981668,0.6736534
0.005246583516983451,0.5102708895981668,0.67359644
0.005246583516983451,0.5103527293559211,0.67352134
0.005252491831754829,0.5103527293559211,0.67349994
0.005252491831754829,0.510598248629184,0.67343056
0.005264308461297584,0.510598248629184,0.6730626
0.005264308461297584,0.5106800883869383,0.6729916
0.005270216776068962,0.5106800883869383,0.6729577
0.005270216776068962,0.5107619281446927,0.67282665
0.00527612509084034,0.5107619281446927,0.67280746
0.00527612509084034,0.5114166462067272,0.672118
0.005282033405611717,0.5114166462067272,0.67210627
0.005282033405611717,0.5117440052377445,0.6716736
0.005287941720383095,0.5117440052377445,0.6715754
0.005287941720383095,0.5118258449954988,0.6715111
0.005293850035154473,0.5118258449954988,0.67136675
0.005293850035154473,0.5120713642687618,0.6711537
0.00529975834992585,0.5120713642687618,0.67112136
0.00529975834992585,0.5121532040265161,0.67111194
0.005305666664697228,0.5121532040265161,0.6709342
0.005305666664697228,0.5128079220885506,0.67064166
0.005311574979468606,0.5128079220885506,0.67044944
0.005311574979468606,0.512889761846305,0.67034537
0.0053233916090113615,0.512889761846305,0.67031413
0.0053233916090113615,0.5129716016040593,0.67029643
0.0053292999237827396,0.5129716016040593,0.6702871
0.0053292999237827396,0.5132171208773222,0.6702463
0.005341116553325495,0.5132171208773222,0.67004985
0.005341116553325495,0.5135444799083395,0.6699732
0.005347024868096873,0.5135444799083395,0.66996926
0.005347024868096873,0.5150175955479172,0.6690766
0.005352933182868251,0.5150175955479172,0.6690197
0.005352933182868251,0.5158359931254604,0.6683849
0.005358841497639628,0.5158359931254604,0.66836274
0.005358841497639628,0.515999672640969,0.6681509
0.005364749812411006,0.515999672640969,0.6680491
0.005364749812411006,0.5161633521564776,0.66790855
0.005376566441953762,0.5161633521564776,0.6674497
0.005376566441953762,0.5163270316719862,0.66716486
0.005382474756725139,0.5163270316719862,0.6671641
0.005382474756725139,0.5166543907030036,0.666957
0.005394291386267895,0.5166543907030036,0.6667459
0.005394291386267895,0.5168999099762664,0.66668785
0.00540610801581065,0.5168999099762664,0.66644293
0.00540610801581065,0.5173909485227923,0.6659674
0.005412016330582028,0.5173909485227923,0.66586816
0.005412016330582028,0.5176364677960553,0.6655399
0.0054179246453534054,0.5176364677960553,0.6653366
0.0054179246453534054,0.5178819870693183,0.6649591
0.0054238329601247835,0.5178819870693183,0.66493946
0.0054238329601247835,0.5182911858580899,0.6645221
0.0054297412748961615,0.5182911858580899,0.66449016
0.0054297412748961615,0.5185367051313529,0.6639924
0.0054356495896675395,0.5185367051313529,0.66393316
0.0054356495896675395,0.5188640641623701,0.6638096
0.005441557904438917,0.5188640641623701,0.663768
0.005441557904438917,0.5191914231933874,0.6634973
0.005453374533981673,0.5191914231933874,0.6634221
0.005453374533981673,0.519600621982159,0.6630443
0.00545928284875305,0.519600621982159,0.6628923
0.00545928284875305,0.5199279810131762,0.6625835
0.005465191163524428,0.5199279810131762,0.6625766
0.005465191163524428,0.5200098207709305,0.66254926
0.005477007793067184,0.5200098207709305,0.6621405
0.005477007793067184,0.5201735002864392,0.6620727
0.005482916107838561,0.5201735002864392,0.66191417
0.005482916107838561,0.5210737376217366,0.66121644
0.005488824422609939,0.5210737376217366,0.6611839
0.005488824422609939,0.5213192568949996,0.66105217
0.005500641052152694,0.5213192568949996,0.6609502
0.005500641052152694,0.5215647761682626,0.66081554
0.005506549366924072,0.5215647761682626,0.6607444
0.005506549366924072,0.5218102954415255,0.6606131
0.00551245768169545,0.5218102954415255,0.6605365
0.00551245768169545,0.5219739749570341,0.6605117
0.005518365996466827,0.5219739749570341,0.6604615
0.005518365996466827,0.5220558147147885,0.6602577
0.005524274311238205,0.5220558147147885,0.6602415
0.005524274311238205,0.5229560520500859,0.6595776
0.005530182626009583,0.5229560520500859,0.65937614
0.005530182626009583,0.5230378918078402,0.65918833
0.0055419992555523385,0.5230378918078402,0.6590638
0.0055419992555523385,0.5232015713233489,0.65883523
0.005553815885095095,0.5232015713233489,0.6587113
0.005553815885095095,0.5239381291431378,0.65834993
0.005571540829409228,0.5239381291431378,0.658275
0.005571540829409228,0.5243473279319093,0.6579094
0.005583357458951983,0.5243473279319093,0.6576447
0.005583357458951983,0.5245928472051723,0.6573807
0.005589265773723361,0.5245928472051723,0.6573382
0.005589265773723361,0.5246746869629266,0.6572911
0.005606990718037494,0.5246746869629266,0.6569962
0.005606990718037494,0.5252475652672068,0.6566013
0.005612899032808872,0.5252475652672068,0.6565697
0.005612899032808872,0.5262296423602586,0.65576535
0.005618807347580249,0.5262296423602586,0.6557457
0.005618807347580249,0.5266388411490301,0.6555333
0.005624715662351627,0.5267206809067845,0.65552324
0.005630623977123005,0.5267206809067845,0.65551513
0.005630623977123005,0.5270480399378018,0.6552356
0.005636532291894383,0.5270480399378018,0.6550958
0.005636532291894383,0.527620918242082,0.65477675
0.0056483489214371385,0.527620918242082,0.6547193
0.0056483489214371385,0.5278664375153449,0.6545958
0.005660165550979894,0.5278664375153449,0.6545509
0.005660165550979894,0.5281937965463622,0.65441006
0.005666073865751272,0.5281937965463622,0.65411663
0.005666073865751272,0.5292577133971683,0.6533824
0.00567198218052265,0.5292577133971683,0.65338147
0.00567198218052265,0.5302397904902202,0.6523179
0.005677890495294028,0.5302397904902202,0.65221846
0.005677890495294028,0.5303216302479745,0.65221107
0.005689707124836783,0.5303216302479745,0.6521589
0.005689707124836783,0.5305671495212374,0.65199155
0.005695615439608161,0.5305671495212374,0.6518622
0.005695615439608161,0.5307308290367461,0.6515098
0.005701523754379538,0.5307308290367461,0.6514977
0.005701523754379538,0.530976348310009,0.65128285
0.005713340383922294,0.530976348310009,0.65118426
0.005713340383922294,0.5310581880677633,0.65109813
0.005719248698693671,0.5310581880677633,0.6510665
0.005719248698693671,0.5311400278255176,0.6509008
0.005725157013465049,0.5311400278255176,0.65086615
0.005725157013465049,0.5321221049185695,0.65002
0.005736973643007805,0.5321221049185695,0.6499564
0.005736973643007805,0.5323676241918324,0.64982027
0.00574879027255056,0.5323676241918324,0.6497144
0.00574879027255056,0.532531303707341,0.6496392
0.005754698587321938,0.532531303707341,0.6496372
0.005754698587321938,0.5335133808003928,0.64922976
0.0057606069020933156,0.5335133808003928,0.64920384
0.0057606069020933156,0.5335952205581471,0.64919287
0.005766515216864694,0.5335952205581471,0.64917195
0.005766515216864694,0.5336770603159015,0.64916044
0.005772423531636072,0.5336770603159015,0.64911836
0.005772423531636072,0.5344136181356903,0.6486414
0.005784240161178827,0.5344136181356903,0.6485302
0.005784240161178827,0.5347409771667075,0.648392
0.005790148475950205,0.5347409771667075,0.64816946
0.005790148475950205,0.5350683361977249,0.6477146
0.005796056790721583,0.5350683361977249,0.6476982
0.005796056790721583,0.5353138554709878,0.6474346
0.00580196510549296,0.5353138554709878,0.647386
0.00580196510549296,0.5358867337752681,0.6471776
0.005807873420264338,0.5358867337752681,0.64716446
0.005807873420264338,0.5367051313528112,0.6463259
0.005813781735035716,0.5367051313528112,0.6462369
0.005813781735035716,0.5368688108683198,0.64611
0.005819690049807093,0.5368688108683198,0.6460626
0.005819690049807093,0.537196169899337,0.6458954
0.005825598364578471,0.537196169899337,0.6457876
0.005825598364578471,0.5372780096570914,0.6457121
0.005831506679349849,0.5372780096570914,0.64568377
0.005831506679349849,0.5380145674768803,0.64524376
0.005837414994121227,0.5380145674768803,0.64521873
0.005837414994121227,0.5383419265078976,0.645067
0.005843323308892604,0.5383419265078976,0.6450524
0.005843323308892604,0.5385056060234061,0.64493203
0.00585513993843536,0.5385056060234061,0.6448432
0.00585513993843536,0.5385874457811605,0.6446662
0.0058610482532067375,0.5385874457811605,0.64463514
0.0058610482532067375,0.5389148048121778,0.6444245
0.0058669565679781155,0.5389148048121778,0.64439493
0.0058669565679781155,0.5396513626319666,0.6437401
0.0058728648827494935,0.5396513626319666,0.6437147
0.0058728648827494935,0.5397332023897209,0.64362955
0.0058787731975208715,0.5397332023897209,0.64362603
0.0058787731975208715,0.5398150421474752,0.6434441
0.005884681512292249,0.5398150421474752,0.6432889
0.005884681512292249,0.5403060806940011,0.64309317
0.005890589827063627,0.5403060806940011,0.6430343
0.005890589827063627,0.5407152794827728,0.64251554
0.005896498141835005,0.5407152794827728,0.642424
0.005896498141835005,0.5412063180292986,0.6419804
0.005902406456606382,0.5412063180292986,0.6419681
0.005902406456606382,0.5414518373025616,0.64191127
0.00590831477137776,0.5414518373025616,0.64190704
0.00590831477137776,0.5432523119731566,0.63992745
0.005914223086149138,0.5432523119731566,0.63992697
0.005914223086149138,0.5433341517309109,0.6399133
0.005943764660006026,0.5433341517309109,0.63971895
0.005943764660006026,0.5436615107619281,0.6394458
0.005949672974777404,0.5436615107619281,0.6393539
0.005949672974777404,0.5437433505196825,0.63933134
0.005955581289548782,0.5437433505196825,0.6392998
0.005955581289548782,0.5438251902774368,0.63917696
0.005961489604320159,0.5438251902774368,0.63895106
0.005961489604320159,0.5440707095506997,0.6388027
0.005967397919091537,0.5440707095506997,0.6385104
0.005967397919091537,0.5451346264015059,0.63771373
0.005973306233862915,0.5451346264015059,0.63765734
0.005973306233862915,0.5452164661592601,0.6376553
0.005985122863405671,0.5452164661592601,0.6375691
0.005985122863405671,0.5455438251902774,0.6373802
0.005996939492948427,0.5455438251902774,0.63729274
0.005996939492948427,0.5457075047057861,0.63715094
0.006002847807719804,0.5457075047057861,0.6371135
0.006002847807719804,0.5457893444635404,0.63683766
0.006008756122491182,0.5457893444635404,0.63683647
0.006008756122491182,0.545953023979049,0.63667023
0.00601466443726256,0.545953023979049,0.63659906
0.00601466443726256,0.5460348637368033,0.6365853
0.006020572752033937,0.5460348637368033,0.6364259
0.006020572752033937,0.546198543252312,0.6363858
0.006026481066805315,0.546198543252312,0.63633555
0.006026481066805315,0.5464440625255749,0.6361927
0.006032389381576693,0.5464440625255749,0.6361875
0.006032389381576693,0.5466895817988379,0.63607675
0.006044206011119448,0.5466895817988379,0.63599515
0.006044206011119448,0.5470987805876094,0.6357545
0.006056022640662204,0.5470987805876094,0.6354166
0.006056022640662204,0.5473442998608724,0.6351647
0.006061930955433581,0.5473442998608724,0.6351223
0.006061930955433581,0.5475079793763811,0.6349477
0.006073747584976337,0.5475079793763811,0.6346669
0.006073747584976337,0.5475898191341354,0.63465524
0.006079655899747715,0.5475898191341354,0.6346472
0.006079655899747715,0.547753498649644,0.63457566
0.0060855642145190925,0.547753498649644,0.63452613
0.0060855642145190925,0.5479171781651526,0.63451195
0.0060914725292904705,0.5479171781651526,0.634446
0.0060914725292904705,0.5481626974384156,0.6343311
0.0060973808440618485,0.5481626974384156,0.634228
0.0060973808440618485,0.5483263769539242,0.6341097
0.006103289158833226,0.5483263769539242,0.6340868
0.006103289158833226,0.5488174155004502,0.63354504
0.006109197473604604,0.5488174155004502,0.63336194
0.006109197473604604,0.5492266142892217,0.63299835
0.006115105788375982,0.5492266142892217,0.63297176
0.006115105788375982,0.5493902938047304,0.632859
0.006121014103147359,0.5493902938047304,0.63283724
0.006121014103147359,0.5494721335624847,0.63276845
0.006126922417918737,0.5494721335624847,0.632762
0.006126922417918737,0.550863409444308,0.6318181
0.006132830732690115,0.550863409444308,0.63181275
0.006132830732690115,0.5510270889598167,0.63157576
0.006138739047461493,0.5510270889598167,0.63156223
0.006138739047461493,0.5512726082330797,0.6314732
0.00614464736223287,0.5512726082330797,0.6313953
0.00614464736223287,0.551354447990834,0.6313924
0.006156463991775626,0.551354447990834,0.6312659
0.006156463991775626,0.5514362877485882,0.6312334
0.006174188936089759,0.5514362877485882,0.63101566
0.006174188936089759,0.5516818070218512,0.63097566
0.006180097250861137,0.5516818070218512,0.6309541
0.006180097250861137,0.5519273262951142,0.6308854
0.006191913880403892,0.5519273262951142,0.6306758
0.006191913880403892,0.5523365250838858,0.6303986
0.0061978221951752704,0.5523365250838858,0.63027716
0.0061978221951752704,0.5527457238726573,0.63006014
0.006203730509946648,0.5527457238726573,0.6300293
0.006203730509946648,0.553154922661429,0.6296899
0.006209638824718026,0.553154922661429,0.6296616
0.006209638824718026,0.5543006792699894,0.6289971
0.006215547139489404,0.5543006792699894,0.6289545
0.006215547139489404,0.5543825190277437,0.62894213
0.006233272083803537,0.5543825190277437,0.62884283
0.006233272083803537,0.5545461985432523,0.62853396
0.006239180398574915,0.5545461985432523,0.62840766
0.006239180398574915,0.5547098780587609,0.62824637
0.006245088713346292,0.5547098780587609,0.62821984
0.006245088713346292,0.5548735575742696,0.6281486
0.00625099702811767,0.5548735575742696,0.6280925
0.00625099702811767,0.5556101153940585,0.6277122
0.006262813657660425,0.5556101153940585,0.62757444
0.006262813657660425,0.5558556346673214,0.6272588
0.006274630287203181,0.5558556346673214,0.62702155
0.006274630287203181,0.5570832310336361,0.62627125
0.006280538601974559,0.5570832310336361,0.6261543
0.006280538601974559,0.5574105900646534,0.6259209
0.006286446916745936,0.5574105900646534,0.62578255
0.006286446916745936,0.5577379490956706,0.62551117
0.006292355231517314,0.5577379490956706,0.6254994
0.006292355231517314,0.557819788853425,0.6253879
0.006298263546288692,0.557819788853425,0.62534684
0.006298263546288692,0.5581471478844423,0.6250987
0.0063100801758314475,0.5581471478844423,0.6248688
0.0063100801758314475,0.5583926671577052,0.62471443
0.006321896805374203,0.5583926671577052,0.62467265
0.006321896805374203,0.5584745069154595,0.62458485
0.006327805120145581,0.5584745069154595,0.6245039
0.006327805120145581,0.5587200261887225,0.62423104
0.006345530064459714,0.5587200261887225,0.6241754
0.006345530064459714,0.5592110647352484,0.6239989
0.006351438379231092,0.5592110647352484,0.62386614
0.006351438379231092,0.5592929044930027,0.6236759
0.00635734669400247,0.5592929044930027,0.6235571
0.00635734669400247,0.5594565840085113,0.62354714
0.006363255008773847,0.5594565840085113,0.6232396
0.006363255008773847,0.5607660201325804,0.6218031
0.006369163323545225,0.5607660201325804,0.6217639
0.006369163323545225,0.5608478598903347,0.62160325
0.006375071638316603,0.5608478598903347,0.62158436
0.006375071638316603,0.5610115394058434,0.62152964
0.006386888267859358,0.5610115394058434,0.62147146
0.006386888267859358,0.5612570586791064,0.6213076
0.006398704897402114,0.5612570586791064,0.62126994
0.006398704897402114,0.5613388984368606,0.6212395
0.006404613212173491,0.5613388984368606,0.62099
0.006404613212173491,0.5619117767411409,0.6198993
0.0064105215269448694,0.5619117767411409,0.61984384
0.0064105215269448694,0.5620754562566495,0.6197901
0.0064164298417162475,0.5620754562566495,0.6197804
0.0064164298417162475,0.5622391357721581,0.61959267
0.0064223381564876255,0.5622391357721581,0.61955243
0.0064223381564876255,0.5625664948031753,0.6189429
0.006428246471259003,0.5625664948031753,0.618844
0.006428246471259003,0.5631393731074557,0.61839426
0.006440063100801759,0.5631393731074557,0.61828136
0.006440063100801759,0.5635485718962272,0.617705
0.006445971415573136,0.5635485718962272,0.61764175
0.006445971415573136,0.5637122514117359,0.61756223
0.006463696359887269,0.5637122514117359,0.61742485
0.006463696359887269,0.5637940911694901,0.6172566
0.006469604674658647,0.5637940911694901,0.61725485
0.006469604674658647,0.564776168262542,0.6163017
0.006475512989430025,0.564776168262542,0.6162732
0.006475512989430025,0.5650216875358048,0.6161376
0.006481421304201403,0.5650216875358048,0.61613214
0.006481421304201403,0.5651853670513135,0.61595476
0.006493237933744158,0.5651853670513135,0.6158467
0.006493237933744158,0.5654308863245765,0.6156988
0.006499146248515536,0.5654308863245765,0.61565125
0.006499146248515536,0.5656764055978394,0.615449
0.006505054563286913,0.5656764055978394,0.615317
0.006505054563286913,0.5659219248711024,0.6152018
0.006510962878058291,0.5659219248711024,0.6151995
0.006510962878058291,0.5660037646288567,0.6151901
0.006516871192829669,0.5660037646288567,0.6149403
0.006516871192829669,0.5669040019641541,0.61403793
0.006522779507601047,0.5669040019641541,0.6139633
0.006522779507601047,0.5671495212374171,0.6137577
0.0065286878223724245,0.5671495212374171,0.61367303
0.0065286878223724245,0.5674768802684345,0.6134949
0.0065345961371438025,0.5674768802684345,0.6134504
0.0065345961371438025,0.5682134380882232,0.61275494
0.0065405044519151806,0.5682134380882232,0.6127226
0.0065405044519151806,0.5683771176037319,0.6126147
0.006546412766686558,0.5683771176037319,0.61258024
0.006546412766686558,0.5687863163925034,0.6121082
0.006552321081457936,0.5687863163925034,0.6120677
0.006552321081457936,0.5691955151812751,0.611638
0.006564137711000691,0.5691955151812751,0.6113681
0.006564137711000691,0.5695228742122923,0.6112134
0.00659367928485758,0.5695228742122923,0.6108095
0.00659367928485758,0.569686553727801,0.61068916
0.006599587599628958,0.569686553727801,0.61067325
0.006599587599628958,0.5702594320320812,0.6104976
0.006605495914400335,0.5702594320320812,0.6104903
0.006605495914400335,0.5703412717898355,0.610464
0.006611404229171713,0.5703412717898355,0.6103963
0.006611404229171713,0.5706686308208527,0.6099808
0.006617312543943091,0.5706686308208527,0.6099185
0.006617312543943091,0.5707504705786071,0.60986835
0.006623220858714469,0.5707504705786071,0.60962945
0.006623220858714469,0.5710778296096244,0.60933876
0.0066291291734858464,0.5710778296096244,0.6091789
0.0066291291734858464,0.5720599067026761,0.60877573
0.0066350374882572245,0.5720599067026761,0.60875136
0.0066350374882572245,0.5722235862181848,0.60869646
0.0066409458030286025,0.5722235862181848,0.60858953
0.0066409458030286025,0.5724691054914477,0.6084096
0.00664685411779998,0.5724691054914477,0.6084044
0.00664685411779998,0.5732056633112366,0.6074621
0.006652762432571358,0.5732056633112366,0.60744405
0.006652762432571358,0.5733693428267452,0.6073151
0.006664579062114113,0.5733693428267452,0.6071373
0.006664579062114113,0.5740240608887798,0.6067139
0.006670487376885491,0.5740240608887798,0.60671353
0.006670487376885491,0.5741877404042884,0.60655534
0.006682304006428247,0.5741877404042884,0.6062001
0.006682304006428247,0.5751698174973402,0.6054542
0.006705937265513757,0.5751698174973402,0.6053162
0.006705937265513757,0.5752516572550945,0.6052858
0.006723662209827891,0.5752516572550945,0.6049834
0.006723662209827891,0.5754153367706032,0.60496044
0.006729570524599268,0.5754153367706032,0.6047062
0.006729570524599268,0.5755790162861117,0.60461617
0.006741387154142024,0.5755790162861117,0.6043353
0.006741387154142024,0.5759063753171291,0.60361004
0.0067532037836847796,0.5759063753171291,0.60357034
0.0067532037836847796,0.576397413863655,0.6033608
0.006759112098456158,0.576397413863655,0.6032093
0.006759112098456158,0.5768066126524265,0.60222477
0.006770928727998913,0.5768066126524265,0.6021733
0.006770928727998913,0.5773794909567068,0.6017124
0.006782745357541669,0.5773794909567068,0.6014914
0.006782745357541669,0.5775431704722154,0.6013089
0.006794561987084424,0.5775431704722154,0.60125035
0.006794561987084424,0.5781978885342499,0.60077983
0.006800470301855802,0.5781978885342499,0.6006934
0.006800470301855802,0.5793436451428103,0.5999445
0.006806378616627179,0.5793436451428103,0.599887
0.006806378616627179,0.5799983632048449,0.59940803
0.006818195246169935,0.5799983632048449,0.59938073
0.006818195246169935,0.5803257222358622,0.5986311
0.006824103560941313,0.5803257222358622,0.5985336
0.006824103560941313,0.5804894017513709,0.5985204
0.00683001187571269,0.5804894017513709,0.59846485
0.00683001187571269,0.5805712415091251,0.5984482
0.006841828505255446,0.5805712415091251,0.59835774
0.006841828505255446,0.5808167607823881,0.59802467
0.0068477368200268235,0.5808167607823881,0.59799415
0.0068477368200268235,0.5809804402978967,0.5979607
0.006865461764340957,0.5809804402978967,0.59772295
0.006865461764340957,0.5811441198134053,0.5975915
0.006871370079112335,0.5811441198134053,0.59733474
0.006871370079112335,0.581307799328914,0.59728074
0.006877278393883713,0.581307799328914,0.5972544
0.006877278393883713,0.581553318602177,0.59713316
0.006889095023426468,0.581553318602177,0.597077
0.006889095023426468,0.5818806776331942,0.59686655
0.006895003338197846,0.5818806776331942,0.5968367
0.006895003338197846,0.5822080366642115,0.5964442
0.006906819967740601,0.5822080366642115,0.59622365
0.006906819967740601,0.5824535559374744,0.595846
0.006918636597283357,0.5824535559374744,0.59582686
0.006918636597283357,0.582617235452983,0.59576833
0.006924544912054735,0.582617235452983,0.59575623
0.006924544912054735,0.5829445944840004,0.5953635
0.006930453226826112,0.5829445944840004,0.5953411
0.006930453226826112,0.5830264342417546,0.5949838
0.006942269856368868,0.5830264342417546,0.59493655
0.006942269856368868,0.5831082739995089,0.5949284
0.006954086485911623,0.5831082739995089,0.5949002
0.006954086485911623,0.5838448318192978,0.5941908
0.006959994800683001,0.5838448318192978,0.59417576
0.006959994800683001,0.5839266715770521,0.594081
0.0069659031154543785,0.5839266715770521,0.59407663
0.0069659031154543785,0.5840903510925608,0.5940161
0.0069718114302257566,0.5840903510925608,0.5939935
0.0069718114302257566,0.5842540306080694,0.59383476
0.006977719744997135,0.5842540306080694,0.5938287
0.006977719744997135,0.584417710123578,0.593603
0.006983628059768513,0.584417710123578,0.5935682
0.006983628059768513,0.5849087486701039,0.5929791
0.00698953637453989,0.5849087486701039,0.5929421
0.00698953637453989,0.5849905884278582,0.59291273
0.006995444689311268,0.5849905884278582,0.59288776
0.006995444689311268,0.5853997872166299,0.59269863
0.007001353004082646,0.5853997872166299,0.59268355
0.007001353004082646,0.5854816269743841,0.5926551
0.007007261318854023,0.5854816269743841,0.592562
0.007007261318854023,0.5856453064898928,0.5921377
0.007013169633625401,0.5856453064898928,0.5920938
0.007013169633625401,0.5858089860054014,0.5919167
0.007030894577939534,0.5858089860054014,0.591574
0.007030894577939534,0.5859726655209101,0.591392
0.00704271120748229,0.5859726655209101,0.5911896
0.00704271120748229,0.5860545052786644,0.5909561
0.007048619522253667,0.5860545052786644,0.59092057
0.007048619522253667,0.5861363450364186,0.5908396
0.007054527837025045,0.5861363450364186,0.59079844
0.007054527837025045,0.5863818643096816,0.5903928
0.0070722527813391785,0.5863818643096816,0.59010994
0.0070722527813391785,0.5866273835829446,0.5898915
0.0070781610961105565,0.5866273835829446,0.58986646
0.0070781610961105565,0.5872002618872249,0.58935344
0.0070840694108819345,0.5872002618872249,0.58911395
0.0070840694108819345,0.5872821016449792,0.589008
0.007089977725653312,0.5872821016449792,0.588927
0.007089977725653312,0.5876094606759964,0.5886545
0.00709588604042469,0.5876094606759964,0.5886278
0.00709588604042469,0.5876913004337507,0.58861893
0.007101794355196068,0.5876913004337507,0.58848596
0.007101794355196068,0.5878549799492594,0.5884485
0.007107702669967445,0.5878549799492594,0.5884078
0.007107702669967445,0.5883460184957853,0.5878454
0.007113610984738823,0.5883460184957853,0.58781487
0.007113610984738823,0.5884278582535396,0.5876898
0.007125427614281579,0.5884278582535396,0.5876264
0.007125427614281579,0.5885096980112939,0.5875429
0.007131335929052956,0.5885096980112939,0.58744156
0.007131335929052956,0.5886733775268025,0.5873933
0.007137244243824334,0.5886733775268025,0.58736426
0.007137244243824334,0.5888370570423112,0.5872221
0.007149060873367089,0.5888370570423112,0.5870411
0.007149060873367089,0.5889188968000655,0.58690614
0.007154969188138467,0.5889188968000655,0.58685875
0.007154969188138467,0.5892462558310827,0.5865807
0.007166785817681222,0.5892462558310827,0.5863759
0.007166785817681222,0.589328095588837,0.5863438
0.0071726941324526,0.589328095588837,0.58634233
0.0071726941324526,0.5894099353465914,0.5862867
0.007178602447223978,0.5894099353465914,0.5862794
0.007178602447223978,0.5894917751043457,0.58622825
0.007184510761995356,0.5894917751043457,0.58615553
0.007184510761995356,0.5895736148621,0.5860047
0.007190419076766734,0.5895736148621,0.5859446
0.007190419076766734,0.5900646534086259,0.58579695
0.007196327391538112,0.5900646534086259,0.58575934
0.007196327391538112,0.5902283329241346,0.58569485
0.00720223570630949,0.5902283329241346,0.5856571
0.00720223570630949,0.5903101726818889,0.5855404
0.007208144021080867,0.5903101726818889,0.585475
0.007208144021080867,0.5903920124396432,0.58546084
0.007219960650623623,0.5903920124396432,0.5853776
0.007219960650623623,0.5908012112284148,0.5851442
0.007231777280166378,0.5908012112284148,0.58453745
0.007231777280166378,0.591374089532695,0.58387315
0.007237685594937756,0.591374089532695,0.5838063
0.007237685594937756,0.5917014485637122,0.58312374
0.007243593909709134,0.5917014485637122,0.58310944
0.007243593909709134,0.5920288075947295,0.5825658
0.007249502224480511,0.5920288075947295,0.5824329
0.007249502224480511,0.5921106473524839,0.58241844
0.007255410539251889,0.5921106473524839,0.58240616
0.007255410539251889,0.5925198461412554,0.5819885
0.007261318854023267,0.5925198461412554,0.5819605
0.007261318854023267,0.5926016858990097,0.58194447
0.007267227168794644,0.5926016858990097,0.5817323
0.007267227168794644,0.5928472051722727,0.58157295
0.0072790437983374,0.5928472051722727,0.5814115
0.0072790437983374,0.5930108846877813,0.5811419
0.0073026770574229115,0.5930108846877813,0.5808617
0.0073026770574229115,0.5932564039610443,0.58017796
0.007308585372194289,0.5932564039610443,0.5800485
0.007308585372194289,0.593420083476553,0.57990694
0.007314493686965667,0.593420083476553,0.57989943
0.007314493686965667,0.5940748015385875,0.5787312
0.007326310316508423,0.5940748015385875,0.5786212
0.007326310316508423,0.5941566412963417,0.57860625
0.007344035260822556,0.5941566412963417,0.57843447
0.007344035260822556,0.594238481054096,0.5784171
0.007349943575593933,0.594238481054096,0.57841265
0.007349943575593933,0.594484000327359,0.5781118
0.007355851890365311,0.594484000327359,0.577964
0.007355851890365311,0.5948113593583763,0.5776206
0.007361760205136689,0.5948113593583763,0.5774427
0.007361760205136689,0.5953023979049022,0.57715285
0.007373576834679444,0.5953023979049022,0.57702154
0.007373576834679444,0.5955479171781651,0.576921
0.007379485149450822,0.5955479171781651,0.57690656
0.007379485149450822,0.5962026352401997,0.576228
0.007391301778993577,0.5962026352401997,0.5761737
0.007391301778993577,0.596284474997954,0.57614285
0.007397210093764955,0.596284474997954,0.57612014
0.007397210093764955,0.5966118340289712,0.576045
0.007403118408536333,0.5966118340289712,0.57595295
0.007403118408536333,0.5971847123332515,0.57555616
0.007414935038079089,0.5971847123332515,0.5752685
0.007414935038079089,0.5973483918487601,0.57526314
0.007420843352850467,0.5973483918487601,0.57511353
0.007420843352850467,0.5976757508797774,0.57470155
0.0074385682971646,0.5976757508797774,0.57463884
0.0074385682971646,0.597839430395286,0.57435066
0.007444476611935978,0.597839430395286,0.5743357
0.007444476611935978,0.5982486291840576,0.57400584
0.007456293241478733,0.5982486291840576,0.57390755
0.007456293241478733,0.5984123086995663,0.57390034
0.007462201556250111,0.5984123086995663,0.57375157
0.007462201556250111,0.5988215074883378,0.5732261
0.007468109871021488,0.5988215074883378,0.5732254
0.007468109871021488,0.5989033472460922,0.5732214
0.007474018185792866,0.5989033472460922,0.57316715
0.007474018185792866,0.5991488665193551,0.5730706
0.007497651444878377,0.5991488665193551,0.5729258
0.007497651444878377,0.5993125460348637,0.57268846
0.0075094680744211325,0.5993125460348637,0.57248014
0.0075094680744211325,0.5994762255503724,0.5724323
0.0075212847039638885,0.5994762255503724,0.5723642
0.0075212847039638885,0.5995580653081267,0.5723058
0.0075271930187352665,0.5995580653081267,0.57218724
0.0075271930187352665,0.599639905065881,0.572154
0.007533101333506644,0.599639905065881,0.57214177
0.007533101333506644,0.5998854243391439,0.5716893
0.007539009648278022,0.5998854243391439,0.5716621
0.007539009648278022,0.6002127833701613,0.5712889
0.0075449179630494,0.6002127833701613,0.57124895
0.0075449179630494,0.6004583026434241,0.57104254
0.007550826277820777,0.6004583026434241,0.5710403
0.007550826277820777,0.6006219821589328,0.5709449
0.007562642907363533,0.6006219821589328,0.5709259
0.007562642907363533,0.6007038219166871,0.57091516
0.007580367851677666,0.6007038219166871,0.5707279
0.007580367851677666,0.6011130207054587,0.570438
0.007586276166449044,0.6011130207054587,0.5703422
0.007586276166449044,0.601194860463213,0.57029593
0.007592184481220421,0.601194860463213,0.5701623
0.007592184481220421,0.6012767002209674,0.5700858
0.007598092795991799,0.6012767002209674,0.5700291
0.007598092795991799,0.601440379736476,0.56993484
0.007609909425534554,0.601440379736476,0.56985486
0.007609909425534554,0.6016040592519846,0.5697407
0.007615817740305932,0.6016040592519846,0.5697403
0.007615817740305932,0.6016858990097389,0.56964475
0.007633542684620066,0.6016858990097389,0.5692643
0.007633542684620066,0.6017677387674932,0.56922483
0.007645359314162822,0.6017677387674932,0.56902856
0.007645359314162822,0.6019314182830019,0.5688955
0.007651267628934199,0.6019314182830019,0.5688778
0.007651267628934199,0.602995335133808,0.567676
0.007657175943705577,0.602995335133808,0.56749415
0.007657175943705577,0.6030771748915623,0.56745577
0.007663084258476955,0.6030771748915623,0.5673867
0.007663084258476955,0.6034863736803339,0.56700945
0.007668992573248332,0.6034863736803339,0.56694317
0.007668992573248332,0.6035682134380882,0.5668324
0.00767490088801971,0.6035682134380882,0.566607
0.00767490088801971,0.6036500531958425,0.5665947
0.007680809202791088,0.6036500531958425,0.5664659
0.007680809202791088,0.6039774122268599,0.56603545
0.007698534147105221,0.6039774122268599,0.56583405
0.007698534147105221,0.6040592519846141,0.5658029
0.00772807572096211,0.6040592519846141,0.5653339
0.00772807572096211,0.6041410917423684,0.56526256
0.0077339840357334875,0.6041410917423684,0.5652417
0.0077339840357334875,0.6042229315001227,0.56519
0.007757617294818999,0.6042229315001227,0.56486654
0.007757617294818999,0.6043047712578771,0.5646777
0.007769433924361754,0.6043047712578771,0.5645902
0.007769433924361754,0.6044684507733857,0.5644415
0.007775342239133132,0.6044684507733857,0.56437886
0.007775342239133132,0.6045502905311401,0.56426424
0.00778125055390451,0.6045502905311401,0.564254
0.00778125055390451,0.6046321302888944,0.5642261
0.007787158868675888,0.6046321302888944,0.5642183
0.007787158868675888,0.604795809804403,0.56366324
0.007798975498218643,0.604795809804403,0.5635727
0.007798975498218643,0.6048776495621573,0.5635346
0.007810792127761398,0.6048776495621573,0.56342375
0.007810792127761398,0.6049594893199116,0.5634116
0.00783442538684691,0.6049594893199116,0.5632178
0.00783442538684691,0.6052050085931746,0.5631661
0.007840333701618287,0.6052050085931746,0.5631573
0.007840333701618287,0.6053686881086832,0.5631127
0.007858058645932421,0.6053686881086832,0.56297016
0.007858058645932421,0.6056142073819462,0.56280565
0.00788760021978931,0.6056142073819462,0.56240946
0.00788760021978931,0.6056960471397005,0.56234497
0.007905325164103442,0.6056960471397005,0.561971
0.007905325164103442,0.6060234061707177,0.5617066
0.00791123347887482,0.6060234061707177,0.56159526
0.00791123347887482,0.606105245928472,0.56153697
0.007917141793646198,0.606105245928472,0.5615057
0.007917141793646198,0.606350765201735,0.5613383
0.007923050108417576,0.606350765201735,0.5612362
0.007923050108417576,0.6065144447172436,0.5610489
0.007928958423188954,0.6065144447172436,0.5610181
0.007928958423188954,0.6068418037482609,0.5608703
0.007940775052731708,0.6068418037482609,0.5607884
0.007940775052731708,0.6069236435060152,0.56059796
0.007958499997045843,0.6069236435060152,0.5604204
0.007958499997045843,0.6072510025370325,0.5602011
0.007970316626588599,0.6072510025370325,0.56009233
0.007970316626588599,0.6074146820525411,0.56002593
0.007976224941359977,0.6074146820525411,0.5597532
0.007976224941359977,0.6076602013258041,0.5595837
0.007982133256131353,0.6076602013258041,0.55948037
0.007982133256131353,0.6078238808413127,0.5594316
0.007999858200445487,0.6078238808413127,0.5593998
0.007999858200445487,0.6079875603568213,0.5593166
0.007999858200445487,0.60815123987233,0.55916774
0.007999858200445487,0.6084785989033472,0.5588726
0.008005766515216865,0.6084785989033472,0.5588177
0.008005766515216865,0.6085604386611015,0.5587853
0.008011674829988243,0.6085604386611015,0.5586847
0.008011674829988243,0.6086422784188559,0.5586218
0.008017583144759621,0.6086422784188559,0.55861866
0.008017583144759621,0.6088877976921189,0.5585913
0.008029399774302375,0.6088877976921189,0.5585647
0.008029399774302375,0.6090514772076274,0.5584982
0.00804712471861651,0.6090514772076274,0.55833626
0.00804712471861651,0.6093788362386447,0.55814755
0.008058941348159265,0.6093788362386447,0.5581119
0.008058941348159265,0.6096243555119076,0.5579239
0.008064849662930642,0.6096243555119076,0.55791306
0.008064849662930642,0.6100335543006793,0.5576069
0.008076666292473398,0.6100335543006793,0.55742425
0.008076666292473398,0.610197233816188,0.55721635
0.008082574607244776,0.610197233816188,0.55713356
0.008082574607244776,0.6102790735739422,0.5571024
0.008088482922016154,0.6102790735739422,0.55705506
0.008088482922016154,0.6103609133316965,0.557005
0.00810029955155891,0.6103609133316965,0.5569614
0.00810029955155891,0.6104427530894508,0.5569563
0.008106207866330286,0.6104427530894508,0.5569549
0.008106207866330286,0.6106882723627138,0.5567426
0.008112116181101664,0.6106882723627138,0.5567394
0.008112116181101664,0.6107701121204682,0.5566375
0.008118024495873042,0.6107701121204682,0.5563394
0.008118024495873042,0.6108519518782224,0.55628616
0.008135749440187176,0.6108519518782224,0.5560837
0.008135749440187176,0.6109337916359767,0.5558889
0.008141657754958552,0.6109337916359767,0.5557492
0.008141657754958552,0.6110974711514854,0.55570847
0.00814756606972993,0.6110974711514854,0.55560327
0.00814756606972993,0.6111793109092397,0.55542475
0.008159382699272686,0.6111793109092397,0.555323
0.008159382699272686,0.611261150666994,0.55518085
0.008165291014044064,0.611261150666994,0.5551707
0.008165291014044064,0.6116703494557656,0.5548173
0.008171199328815442,0.6116703494557656,0.5547506
0.008171199328815442,0.6117521892135199,0.55474615
0.00817710764358682,0.6117521892135199,0.5546443
0.00817710764358682,0.6119158687290286,0.5545277
0.008188924273129575,0.6119158687290286,0.55421436
0.008188924273129575,0.6121613880022915,0.55395293
0.00820074090267233,0.6121613880022915,0.5537566
0.00820074090267233,0.6122432277600458,0.55367583
0.008206649217443709,0.6122432277600458,0.55367357
0.008206649217443709,0.6123250675178001,0.55356085
0.008236190791300597,0.6123250675178001,0.5534266
0.008236190791300597,0.6127342663065717,0.55312127
0.008242099106071975,0.6127342663065717,0.5530971
0.008242099106071975,0.612816106064326,0.55301034
0.008248007420843353,0.612816106064326,0.55288047
0.008248007420843353,0.6131434650953433,0.5525446
0.008253915735614731,0.6131434650953433,0.55252177
0.008253915735614731,0.613307144610852,0.5522839
0.00825982405038611,0.613307144610852,0.5522703
0.00825982405038611,0.6134708241263606,0.5519832
0.008265732365157485,0.6134708241263606,0.551925
0.008265732365157485,0.6136345036418692,0.5518061
0.008271640679928863,0.6136345036418692,0.55178684
0.008271640679928863,0.6137163433996236,0.5516935
0.00828345730947162,0.6137163433996236,0.55133253
0.00828345730947162,0.6137981831573779,0.55130345
0.008295273939014376,0.6137981831573779,0.5512427
0.008295273939014376,0.6142892217039038,0.55095536
0.008301182253785754,0.6142892217039038,0.55066067
0.008301182253785754,0.6147802602504296,0.5501701
0.00830709056855713,0.6147802602504296,0.5500963
0.00830709056855713,0.6151894590392012,0.54979014
0.008318907198099886,0.6151894590392012,0.5496893
0.008318907198099886,0.6153531385547099,0.54957134
0.008324815512871264,0.6153531385547099,0.54924196
0.008324815512871264,0.6154349783124642,0.54922867
0.00833663214241402,0.6154349783124642,0.54901594
0.00833663214241402,0.6155986578279729,0.54889274
0.008342540457185396,0.6155986578279729,0.5487367
0.008342540457185396,0.6156804975857272,0.54864466
0.008366173716270908,0.6156804975857272,0.54837275
0.008366173716270908,0.6158441771012357,0.54822725
0.008372082031042286,0.6158441771012357,0.54819864
0.008372082031042286,0.6159260168589901,0.5481096
0.008377990345813664,0.6159260168589901,0.548043
0.008377990345813664,0.6160896963744987,0.5479288
0.00838389866058504,0.6160896963744987,0.5479215
0.00838389866058504,0.6163352156477617,0.5477527
0.008395715290127797,0.6163352156477617,0.54762924
0.008395715290127797,0.6164988951632703,0.5475522
0.008407531919670553,0.6164988951632703,0.54741067
0.008407531919670553,0.6165807349210246,0.5472197
0.00841344023444193,0.6165807349210246,0.54719853
0.00841344023444193,0.6167444144365333,0.54716164
0.008437073493527441,0.6167444144365333,0.54696965
0.008437073493527441,0.6169080939520419,0.5468068
0.008460706752612953,0.6169080939520419,0.5464411
0.008460706752612953,0.6169899337097963,0.54643315
0.008484340011698463,0.6169899337097963,0.5459636
0.008484340011698463,0.6171536132253048,0.54576683
0.008490248326469841,0.6171536132253048,0.5457099
0.008490248326469841,0.6174809722563221,0.54540956
0.008502064956012597,0.6174809722563221,0.54537797
0.008502064956012597,0.6176446517718308,0.5452501
0.008507973270783974,0.6176446517718308,0.5452141
0.008507973270783974,0.617726491529585,0.54505265
0.00851978990032673,0.617726491529585,0.54496825
0.00851978990032673,0.6180538505606024,0.54465955
0.008549331474183618,0.6180538505606024,0.5443369
0.008549331474183618,0.6181356903183567,0.54431194
0.008555239788954996,0.6181356903183567,0.5442498
0.008555239788954996,0.618217530076111,0.5442402
0.008561148103726374,0.618217530076111,0.5441893
0.008561148103726374,0.6182993698338652,0.544067
0.008567056418497752,0.6182993698338652,0.5440317
0.008567056418497752,0.6187904083803912,0.5435983
0.008578873048040508,0.6187904083803912,0.5433979
0.008578873048040508,0.6189540878958998,0.5433272
0.00859659799235464,0.6189540878958998,0.54306465
0.00859659799235464,0.6194451264424258,0.542796
0.008632047880982907,0.6194451264424258,0.5419834
0.008632047880982907,0.6196088059579343,0.5418447
0.008637956195754285,0.6196088059579343,0.54182976
0.008637956195754285,0.619772485473443,0.54164606
0.008643864510525663,0.619772485473443,0.5415859
0.008643864510525663,0.6201816842622145,0.54133034
0.00864977282529704,0.6201816842622145,0.5413207
0.00864977282529704,0.6203453637777232,0.54114896
0.008661589454839797,0.6203453637777232,0.5408786
0.008661589454839797,0.6204272035354775,0.5408737
0.008667497769611173,0.6204272035354775,0.5408622
0.008667497769611173,0.6206727228087405,0.54042363
0.008673406084382551,0.6206727228087405,0.5403738
0.008673406084382551,0.6208364023242491,0.54023063
0.00867931439915393,0.6208364023242491,0.5400631
0.00867931439915393,0.6211637613552664,0.5395381
0.008685222713925307,0.6211637613552664,0.539529
0.008685222713925307,0.6212456011130207,0.5394804
0.008697039343468063,0.6212456011130207,0.53911424
0.008697039343468063,0.6213274408707751,0.53907925
0.008702947658239441,0.6213274408707751,0.53905785
0.008702947658239441,0.621572960144038,0.5387246
0.008738397546867708,0.621572960144038,0.53840894
0.008738397546867708,0.6219003191750553,0.5382916
0.008750214176410462,0.6219003191750553,0.53825057
0.008750214176410462,0.6223095179638268,0.53797466
0.00875612249118184,0.6223095179638268,0.5379402
0.00875612249118184,0.6223913577215812,0.5379268
0.008762030805953218,0.6223913577215812,0.53785956
0.008762030805953218,0.6225550372370898,0.537685
0.008767939120724596,0.6225550372370898,0.5376753
0.008767939120724596,0.622882396268107,0.537428
0.008773847435495974,0.622882396268107,0.5373336
0.008773847435495974,0.6237007938456502,0.5369555
0.008779755750267352,0.6237007938456502,0.5366623
0.008779755750267352,0.6239463131189131,0.5361974
0.008791572379810106,0.6239463131189131,0.5359606
0.008791572379810106,0.6241099926344218,0.5358226
0.008797480694581484,0.6241099926344218,0.5358131
0.008797480694581484,0.6243555119076848,0.5355739
0.008815205638895618,0.6243555119076848,0.53521466
0.008815205638895618,0.6246010311809477,0.5350069
0.008821113953666996,0.6246010311809477,0.5349593
0.008821113953666996,0.6247647106964563,0.53468984
0.00883293058320975,0.6247647106964563,0.5344903
0.00883293058320975,0.6254194287584909,0.5338617
0.008838838897981129,0.6254194287584909,0.5338062
0.008838838897981129,0.6256649480317539,0.5336188
0.008844747212752507,0.6256649480317539,0.5336072
0.008844747212752507,0.6257467877895081,0.533603
0.008850655527523885,0.6257467877895081,0.5335771
0.008850655527523885,0.6258286275472624,0.5335229
0.00886247215706664,0.6258286275472624,0.5334327
0.00886247215706664,0.6259104673050168,0.5333609
0.008874288786609395,0.6259104673050168,0.5332788
0.008874288786609395,0.6260741468205254,0.5331596
0.008880197101380773,0.6260741468205254,0.5331289
0.008880197101380773,0.6264015058515426,0.53289837
0.008897922045694907,0.6264015058515426,0.53274566
0.008897922045694907,0.6266470251248056,0.53247184
0.008903830360466285,0.6266470251248056,0.53231466
0.008903830360466285,0.62672886488256,0.53225386
0.008909738675237661,0.62672886488256,0.5322465
0.008909738675237661,0.6268107046403143,0.5322118
0.008927463619551795,0.6268107046403143,0.5317674
0.008927463619551795,0.6269743841558229,0.53163564
0.008933371934323173,0.6269743841558229,0.53160787
0.008933371934323173,0.6273017431868402,0.53142697
0.008945188563865928,0.6273017431868402,0.5312682
0.008945188563865928,0.6274654227023488,0.53120345
0.008951096878637306,0.6274654227023488,0.53097504
0.008951096878637306,0.6275472624601032,0.53086793
0.008957005193408684,0.6275472624601032,0.53076464
0.008957005193408684,0.6276291022178574,0.53053063
0.008962913508180062,0.6276291022178574,0.5304958
0.008962913508180062,0.6277109419756117,0.5303612
0.008974730137722818,0.6277109419756117,0.53032124
0.008974730137722818,0.6281201407643834,0.52990377
0.008980638452494196,0.6281201407643834,0.529789
0.008980638452494196,0.6282838202798919,0.52939314
0.00899245508203695,0.6282838202798919,0.5293441
0.00899245508203695,0.6283656600376463,0.5293088
0.008998363396808328,0.6283656600376463,0.5289445
0.008998363396808328,0.6285293395531549,0.5286147
0.009004271711579706,0.6285293395531549,0.528324
0.009004271711579706,0.6286111793109093,0.52829516
0.009010180026351084,0.6286111793109093,0.5282866
0.009010180026351084,0.6288566985841721,0.5281851
0.009016088341122462,0.6288566985841721,0.5280693
0.009016088341122462,0.6289385383419265,0.5280408
0.00902199665589384,0.6289385383419265,0.528027
0.00902199665589384,0.6290203780996808,0.52793914
0.009027904970665216,0.6290203780996808,0.52792716
0.009027904970665216,0.6291022178574351,0.5278861
0.009033813285436594,0.6291022178574351,0.5277632
0.009033813285436594,0.6294295768884524,0.52748215
0.00904562991497935,0.6294295768884524,0.52735883
0.00904562991497935,0.6295114166462067,0.52734387
0.009057446544522106,0.6295114166462067,0.5272537
0.009057446544522106,0.629593256403961,0.52717984
0.009063354859293484,0.629593256403961,0.5269511
0.009063354859293484,0.6296750961617154,0.52688175
0.00906926317406486,0.6296750961617154,0.52676713
0.00906926317406486,0.6297569359194697,0.52675676
0.009075171488836239,0.6297569359194697,0.5267142
0.009075171488836239,0.6300024551927327,0.5265458
0.009081079803607617,0.6300024551927327,0.52651846
0.009081079803607617,0.6301661347082412,0.5263772
0.009086988118378995,0.6301661347082412,0.5263497
0.009086988118378995,0.6303298142237499,0.5262603
0.009092896433150373,0.6303298142237499,0.52625054
0.009092896433150373,0.6304116539815042,0.5261568
0.00909880474792175,0.6304116539815042,0.5259137
0.00909880474792175,0.6309026925280301,0.5254924
0.009116529692235883,0.6309026925280301,0.5253996
0.009116529692235883,0.6309845322857844,0.5251068
0.009122438007007261,0.6309845322857844,0.5250438
0.009122438007007261,0.6310663720435388,0.52486074
0.00912834632177864,0.6310663720435388,0.52480316
0.00912834632177864,0.6311482118012931,0.5247994
0.009134254636550017,0.6311482118012931,0.5246684
0.009134254636550017,0.631639250347819,0.524328
0.009146071266092773,0.631639250347819,0.52417606
0.009146071266092773,0.6321302888943449,0.52364105
0.00915197958086415,0.6321302888943449,0.52347195
0.00915197958086415,0.6322121286520992,0.5232868
0.009163796210406906,0.6322121286520992,0.5230193
0.009163796210406906,0.6324576479253622,0.5227033
0.009175612839949662,0.6324576479253622,0.52258605
0.009175612839949662,0.6327031671986251,0.5223907
0.00918152115472104,0.6327031671986251,0.5222813
0.00918152115472104,0.6327850069563794,0.52212745
0.009187429469492416,0.6327850069563794,0.52206075
0.009187429469492416,0.6328668467141337,0.521708
0.009193337784263794,0.6328668467141337,0.5215614
0.009193337784263794,0.6329486864718881,0.5215546
0.009199246099035172,0.6329486864718881,0.521472
0.009199246099035172,0.633194205745151,0.5214025
0.009211062728577928,0.633194205745151,0.52139646
0.009211062728577928,0.6332760455029053,0.52137434
0.009216971043349306,0.6332760455029053,0.5213534
0.009216971043349306,0.6337670840494312,0.5208098
0.009240604302434816,0.6337670840494312,0.52035964
0.009240604302434816,0.6344218021114657,0.5195636
0.009246512617206194,0.6344218021114657,0.51943
0.009246512617206194,0.6345854816269744,0.51930374
0.009252420931977572,0.6345854816269744,0.51928896
0.009252420931977572,0.6351583599312546,0.51881516
0.009264237561520328,0.6351583599312546,0.5186757
0.009264237561520328,0.6352401996890089,0.51848346
0.009270145876291705,0.6352401996890089,0.5184177
0.009270145876291705,0.6353220394467632,0.5184154
0.00928196250583446,0.6353220394467632,0.5180679
0.00928196250583446,0.6354038792045176,0.51798505
0.009293779135377217,0.6354038792045176,0.5178546
0.009293779135377217,0.6356493984777805,0.51773536
0.009305595764919973,0.6356493984777805,0.51754
0.009305595764919973,0.6358130779932891,0.5173976
0.009311504079691349,0.6358130779932891,0.51735574
0.009311504079691349,0.6358949177510435,0.51725394
0.009317412394462727,0.6358949177510435,0.5172349
0.009317412394462727,0.6361404370243064,0.51686484
0.009323320709234105,0.6361404370243064,0.5168645
0.009323320709234105,0.6362222767820608,0.5167686
0.009335137338776861,0.6362222767820608,0.5166908
0.009335137338776861,0.6367133153285867,0.51605636
0.009358770597862371,0.6367133153285867,0.5156758
0.009358770597862371,0.636795155086341,0.5156703
0.00936467891263375,0.636795155086341,0.51554483
0.00936467891263375,0.6368769948440952,0.5153932
0.009370587227405127,0.6368769948440952,0.5152921
0.009370587227405127,0.6370406743596039,0.5151112
0.009376495542176505,0.6370406743596039,0.5149126
0.009376495542176505,0.6371225141173582,0.514897
0.009382403856947883,0.6371225141173582,0.5148564
0.009382403856947883,0.6375317129061298,0.5138317
0.009394220486490638,0.6375317129061298,0.513725
0.009394220486490638,0.6376135526638841,0.51359797
0.009423762060347528,0.6376135526638841,0.5134547
0.009423762060347528,0.6376953924216384,0.5134524
0.009435578689890282,0.6376953924216384,0.51335114
0.009435578689890282,0.6378590719371471,0.5131676
0.00944148700466166,0.6378590719371471,0.512984
0.00944148700466166,0.6380227514526557,0.51295424
0.009447395319433038,0.6380227514526557,0.5129126
0.009447395319433038,0.6382682707259186,0.5126872
0.009453303634204416,0.6382682707259186,0.5126585
0.009453303634204416,0.638350110483673,0.5125629
0.009459211948975794,0.638350110483673,0.5124491
0.009459211948975794,0.638595629756936,0.512426
0.009471028578518548,0.638595629756936,0.5123561
0.009471028578518548,0.6386774695146903,0.5123029
0.009488753522832682,0.6386774695146903,0.51215404
0.009488753522832682,0.6388411490301988,0.5119193
0.00949466183760406,0.6388411490301988,0.51178455
0.00949466183760406,0.6389229887879532,0.51170236
0.009512386781918193,0.6389229887879532,0.51154816
0.009512386781918193,0.6390048285457075,0.51152736
0.009524203411460949,0.6390048285457075,0.5112661
0.009524203411460949,0.6390866683034618,0.511084
0.009530111726232327,0.6390866683034618,0.51106524
0.009530111726232327,0.6394958670922334,0.5102726
0.009536020041003705,0.6394958670922334,0.5102701
0.009536020041003705,0.6399869056387593,0.5099242
0.009547836670546461,0.6399869056387593,0.5099024
0.009547836670546461,0.6401505851542679,0.5097269
0.009553744985317837,0.6401505851542679,0.5097223
0.009553744985317837,0.6402324249120223,0.5097186
0.00957737824440335,0.6402324249120223,0.5091685
0.00957737824440335,0.6403961044275309,0.5090008
0.009589194873946104,0.6403961044275309,0.50889176
0.009589194873946104,0.6408871429740568,0.50829077
0.00960101150348886,0.6408871429740568,0.50820696
0.00960101150348886,0.6410508224895655,0.5080454
0.009606919818260238,0.6410508224895655,0.5080099
0.009606919818260238,0.6411326622473198,0.50798076
0.009612828133031616,0.6411326622473198,0.50795287
0.009612828133031616,0.6413781815205827,0.5078594
0.009618736447802994,0.6413781815205827,0.5078063
0.009618736447802994,0.6417055405516,0.50758195
0.009624644762574372,0.6417055405516,0.50738907
0.009624644762574372,0.6417873803093543,0.5072907
0.009630553077345748,0.6417873803093543,0.50727415
0.009630553077345748,0.6424420983713888,0.5064928
0.009636461392117126,0.6424420983713888,0.50648844
0.009636461392117126,0.6431786561911776,0.50556934
0.009642369706888504,0.6431786561911776,0.50550675
0.009642369706888504,0.643260495948932,0.5054522
0.009648278021659882,0.643260495948932,0.5050827
0.009648278021659882,0.643506015222195,0.50477386
0.009660094651202638,0.643506015222195,0.50437415
0.009660094651202638,0.6435878549799493,0.5042675
0.009671911280745392,0.6435878549799493,0.5040898
0.009671911280745392,0.6436696947377035,0.5040256
0.009683727910288148,0.6436696947377035,0.50400263
0.009683727910288148,0.6437515344954579,0.5039073
0.009689636225059526,0.6437515344954579,0.5037038
0.009689636225059526,0.6438333742532122,0.50366545
0.009695544539830904,0.6438333742532122,0.5035373
0.009695544539830904,0.6439152140109665,0.503521
0.00970736116937366,0.6439152140109665,0.50350124
0.00970736116937366,0.6442425730419838,0.50338566
0.009713269484145037,0.6442425730419838,0.5031578
0.009713269484145037,0.6443244127997381,0.5030467
0.009719177798916415,0.6443244127997381,0.5026852
0.009719177798916415,0.6445699320730011,0.5026188
0.00973099442845917,0.6445699320730011,0.5024373
0.00973099442845917,0.6447336115885097,0.5022547
0.009742811058001927,0.6447336115885097,0.50213176
0.009742811058001927,0.6449791308617726,0.5018525
0.009754627687544681,0.6449791308617726,0.50149417
0.009754627687544681,0.6453064898927899,0.50127333
0.009760536002316059,0.6453064898927899,0.501157
0.009760536002316059,0.6458793681970701,0.50090635
0.009766444317087437,0.6458793681970701,0.5008062
0.009766444317087437,0.6461248874703331,0.50037485
0.009772352631858815,0.6461248874703331,0.5003433
0.009772352631858815,0.6462885669858417,0.50014335
0.009778260946630193,0.6462885669858417,0.49995267
0.009778260946630193,0.6465340862591047,0.49977782
0.009795985890944325,0.6465340862591047,0.49923602
0.009795985890944325,0.646615926016859,0.49919236
0.009801894205715703,0.646615926016859,0.49909726
0.009801894205715703,0.6466977657746134,0.49907854
0.009819619150029837,0.6466977657746134,0.49894544
0.009819619150029837,0.6467796055323676,0.49882582
0.009825527464801215,0.6467796055323676,0.49862146
0.009825527464801215,0.6468614452901219,0.4985283
0.009831435779572592,0.6468614452901219,0.49845767
0.009831435779572592,0.6469432850478762,0.49841782
0.009849160723886726,0.6469432850478762,0.49824765
0.009849160723886726,0.6470251248056306,0.49809706
0.009860977353429482,0.6470251248056306,0.4979555
0.009860977353429482,0.6477616826254194,0.49731475
0.009872793982972236,0.6477616826254194,0.4972182
0.009872793982972236,0.6479253621409281,0.4969563
0.009878702297743614,0.6479253621409281,0.4967735
0.009878702297743614,0.6480072018986823,0.49676186
0.009884610612514992,0.6480072018986823,0.49653658
0.009884610612514992,0.6482527211719453,0.49626344
0.009896427242057748,0.6482527211719453,0.49603426
0.009896427242057748,0.6483345609296997,0.49588332
0.009902335556829126,0.6483345609296997,0.4957993
0.009902335556829126,0.648416400687454,0.49575207
0.009908243871600504,0.648416400687454,0.4955565
0.009908243871600504,0.6493166380227514,0.49458426
0.009920060501143258,0.6493166380227514,0.49443844
0.009920060501143258,0.6494803175382601,0.4943166
0.009937785445457393,0.6494803175382601,0.4940193
0.009937785445457393,0.650216875358049,0.4932805
0.00994369376022877,0.650216875358049,0.4931688
0.00994369376022877,0.6507897536623292,0.49257562
0.00996732701931428,0.6507897536623292,0.4923456
0.00996732701931428,0.6508715934200835,0.49225315
0.009973235334085659,0.6508715934200835,0.49211472
0.009973235334085659,0.6510352729355922,0.49210536
0.009990960278399791,0.6510352729355922,0.4919546
0.009990960278399791,0.6511989524511007,0.4918432
0.010002776907942547,0.6511989524511007,0.4916112
0.010002776907942547,0.6513626319666094,0.49140278
0.010008685222713925,0.6513626319666094,0.49136
0.010008685222713925,0.6514444717243637,0.49135897
0.010014593537485303,0.6514444717243637,0.4913439
0.010014593537485303,0.651526311482118,0.49133778
0.01002641016702806,0.651526311482118,0.49120602
0.01002641016702806,0.6516899909976267,0.49089348
0.010044135111342192,0.6516899909976267,0.4906557
0.010044135111342192,0.6520173500286439,0.4904264
0.01005004342611357,0.6520173500286439,0.4903405
0.01005004342611357,0.6523447090596611,0.49003652
0.010055951740884948,0.6523447090596611,0.48987353
0.010055951740884948,0.6525902283329241,0.48968056
0.010067768370427704,0.6525902283329241,0.4894438
0.010067768370427704,0.6526720680906785,0.4891794
0.01007367668519908,0.6526720680906785,0.48917925
0.01007367668519908,0.6527539078484328,0.48907235
0.010079584999970458,0.6527539078484328,0.4890553
0.010079584999970458,0.6528357476061871,0.48884377
0.010085493314741836,0.6528357476061871,0.48875883
0.010085493314741836,0.6529175873639415,0.48874956
0.010091401629513214,0.6529175873639415,0.48868242
0.010091401629513214,0.6529994271216957,0.48860016
0.01010321825905597,0.6529994271216957,0.48841825
0.01010321825905597,0.65308126687945,0.4883893
0.010109126573827348,0.65308126687945,0.4883892
0.010109126573827348,0.6531631066372043,0.48838812
0.010115034888598724,0.6531631066372043,0.4881253
0.010115034888598724,0.653326786152713,0.48808536
0.010120943203370102,0.653326786152713,0.48802653
0.010120943203370102,0.6534904656682217,0.48788542
0.01012685151814148,0.6534904656682217,0.48788065
0.01012685151814148,0.6536541451837302,0.48758096
0.010132759832912858,0.6536541451837302,0.4875737
0.010132759832912858,0.6539815042147475,0.4872592
0.010138668147684236,0.6539815042147475,0.48721462
0.010138668147684236,0.6544725427612734,0.4867327
0.010144576462455614,0.6544725427612734,0.48671877
0.010144576462455614,0.6545543825190278,0.48662436
0.010150484777226992,0.6545543825190278,0.486594
0.010150484777226992,0.6547180620345364,0.48638374
0.010156393091998369,0.6547180620345364,0.4863305
0.010156393091998369,0.655127260823308,0.48605075
0.010168209721541125,0.655127260823308,0.4858574
0.010168209721541125,0.6552091005810623,0.48577097
0.010174118036312503,0.6552091005810623,0.48567975
0.010174118036312503,0.6554546198543252,0.48547354
0.010191842980626635,0.6554546198543252,0.48532563
0.010191842980626635,0.6555364596120795,0.48531738
0.010209567924940769,0.6555364596120795,0.48512062
0.010209567924940769,0.6556182993698338,0.48510116
0.010221384554483525,0.6556182993698338,0.48488498
0.010221384554483525,0.6563548571896227,0.4842265
0.010239109498797657,0.6563548571896227,0.4841499
0.010239109498797657,0.656436696947377,0.48411795
0.010250926128340413,0.656436696947377,0.48387867
0.010250926128340413,0.6565185367051314,0.48385277
0.010256834443111791,0.6565185367051314,0.4838271
0.010256834443111791,0.6566003764628857,0.4835556
0.01026274275788317,0.6566003764628857,0.48346305
0.01026274275788317,0.6566822162206399,0.4834109
0.010268651072654547,0.6566822162206399,0.48340678
0.010268651072654547,0.6570914150094116,0.4829894
0.010280467702197302,0.6570914150094116,0.4828384
0.010280467702197302,0.6575824535559375,0.48256913
0.01028637601696868,0.6575824535559375,0.4825319
0.01028637601696868,0.6576642933136918,0.48235363
0.010304100961282814,0.6576642933136918,0.48213893
0.010304100961282814,0.6578279728292005,0.48178476
0.010315917590825568,0.6578279728292005,0.48167062
0.010315917590825568,0.6579098125869547,0.48149854
0.010321825905596946,0.6579098125869547,0.48133194
0.010321825905596946,0.657991652344709,0.48129046
0.010333642535139702,0.657991652344709,0.4812108
0.010333642535139702,0.6581553318602177,0.48115784
0.01033955084991108,0.6581553318602177,0.48087513
0.01033955084991108,0.6584008511334807,0.48059615
0.010345459164682458,0.6584008511334807,0.48057204
0.010345459164682458,0.658482690891235,0.4805497
0.010351367479453836,0.658482690891235,0.480292
0.010351367479453836,0.6590555691955152,0.47967976
0.01036318410899659,0.6590555691955152,0.47952074
0.01036318410899659,0.6593010884687781,0.47945356
0.010369092423767969,0.6593010884687781,0.4794152
0.010369092423767969,0.6593829282265324,0.47930795
0.010386817368082103,0.6593829282265324,0.4789583
0.010386817368082103,0.6594647679842868,0.47874942
0.010398633997624857,0.6594647679842868,0.4786207
0.010398633997624857,0.660037646288567,0.478269
0.010404542312396235,0.660037646288567,0.47820973
0.010404542312396235,0.6601194860463213,0.47818422
0.010410450627167613,0.6601194860463213,0.47816014
0.010410450627167613,0.66028316556183,0.4780386
0.010416358941938991,0.66028316556183,0.47803402
0.010416358941938991,0.6603650053195843,0.47802886
0.010422267256710369,0.6603650053195843,0.4778968
0.010422267256710369,0.6605286848350929,0.47775948
0.010428175571481747,0.6605286848350929,0.47768885
0.010428175571481747,0.6606105245928472,0.47767785
0.010439992201024501,0.6606105245928472,0.47766906
0.010439992201024501,0.6609378836238645,0.47758898
0.010457717145338635,0.6609378836238645,0.47747856
0.010457717145338635,0.6610197233816187,0.47743806
0.010463625460110013,0.6610197233816187,0.4773706
0.010463625460110013,0.6611015631393731,0.47730008
0.010469533774881391,0.6611015631393731,0.4772537
0.010469533774881391,0.6612652426548817,0.4770999
0.010475442089652768,0.6612652426548817,0.47706252
0.010475442089652768,0.6615926016858991,0.47673666
0.010481350404424146,0.6615926016858991,0.47667637
0.010481350404424146,0.6616744414436533,0.47660562
0.010487258719195524,0.6616744414436533,0.47647482
0.010487258719195524,0.6617562812014076,0.47639474
0.010493167033966902,0.6617562812014076,0.47636265
0.010493167033966902,0.661838120959162,0.47629285
0.01049907534873828,0.661838120959162,0.4762115
0.01049907534873828,0.6620018004746706,0.4761508
0.010504983663509658,0.6620018004746706,0.47603583
0.010504983663509658,0.6620836402324249,0.47602674
0.010528616922595168,0.6620836402324249,0.47580662
0.010528616922595168,0.6621654799901793,0.47578204
0.010534525237366546,0.6621654799901793,0.47568718
0.010534525237366546,0.6622473197479335,0.47558036
0.010540433552137924,0.6622473197479335,0.47549453
0.010540433552137924,0.6624109992634422,0.47541702
0.01055225018168068,0.6624109992634422,0.47533205
0.01055225018168068,0.6629838775677224,0.47497314
0.010564066811223434,0.6629838775677224,0.47479823
0.010564066811223434,0.6630657173254767,0.4747935
0.010569975125994812,0.6630657173254767,0.47473532
0.010569975125994812,0.663147557083231,0.47472456
0.01057588344076619,0.663147557083231,0.4746861
0.01057588344076619,0.6632293968409854,0.47458518
0.010593608385080323,0.6632293968409854,0.47442788
0.010593608385080323,0.6633112365987397,0.47426406
0.0105995166998517,0.6633112365987397,0.47421783
0.0105995166998517,0.6634749161142482,0.47393045
0.010611333329394457,0.6634749161142482,0.4736716
0.010611333329394457,0.6635567558720026,0.47359008
0.010617241644165835,0.6635567558720026,0.4735707
0.010617241644165835,0.6636385956297569,0.47355467
0.010623149958937213,0.6636385956297569,0.47345087
0.010623149958937213,0.6638022751452656,0.4730865
0.01062905827370859,0.6638022751452656,0.47305804
0.01062905827370859,0.6638841149030199,0.4730572
0.010646783218022723,0.6638841149030199,0.47285828
0.010646783218022723,0.6639659546607742,0.4728409
0.010658599847565479,0.6639659546607742,0.47249338
0.010658599847565479,0.6641296341762828,0.47232407
0.010664508162336857,0.6641296341762828,0.47219074
0.010664508162336857,0.6642933136917915,0.47208634
0.010676324791879611,0.6642933136917915,0.47180086
0.010676324791879611,0.6643751534495458,0.47154552
0.010688141421422367,0.6643751534495458,0.47123516
0.010688141421422367,0.6644569932073001,0.4712266
0.010694049736193745,0.6644569932073001,0.471189
0.010694049736193745,0.6647025124805631,0.4709913
0.010717682995279256,0.6647025124805631,0.4705207
0.010717682995279256,0.6647843522383173,0.47052002
0.010723591310050634,0.6647843522383173,0.4704079
0.010723591310050634,0.6650298715115803,0.47024962
0.010729499624822012,0.6650298715115803,0.4701616
0.010729499624822012,0.6654390703003519,0.46989885
0.010741316254364768,0.6654390703003519,0.46978086
0.010741316254364768,0.6656027498158605,0.46969196
0.010747224569136146,0.6656027498158605,0.46957743
0.010747224569136146,0.6656845895736149,0.46952286
0.0107590411986789,0.6656845895736149,0.4693116
0.0107590411986789,0.6657664293313692,0.46925527
0.010764949513450278,0.6657664293313692,0.4692547
0.010764949513450278,0.6658482690891235,0.4692521
0.01078858277253579,0.6658482690891235,0.46918282
0.01078858277253579,0.6660937883623864,0.46909955
0.010794491087307167,0.6660937883623864,0.4690985
0.010794491087307167,0.6664211473934037,0.46893215
0.010800399402078545,0.6664211473934037,0.46886677
0.010800399402078545,0.6665848269089123,0.46851283
0.010806307716849923,0.6665848269089123,0.46849066
0.010806307716849923,0.6668303461821753,0.46837002
0.010818124346392679,0.6668303461821753,0.46832353
0.010818124346392679,0.6670758654554383,0.4678794
0.010824032661164057,0.6670758654554383,0.4678478
0.010824032661164057,0.6672395449709468,0.4677692
0.010829940975935435,0.6672395449709468,0.46745536
0.010829940975935435,0.6673213847287012,0.4674105
0.010835849290706811,0.6673213847287012,0.46739817
0.010835849290706811,0.6675669040019642,0.46736306
0.010841757605478189,0.6675669040019642,0.46726954
0.010841757605478189,0.667812423275227,0.46710885
0.010865390864563701,0.667812423275227,0.46669015
0.010865390864563701,0.66805794254849,0.46659347
0.010871299179335079,0.66805794254849,0.4663716
0.010871299179335079,0.6682216220639987,0.4663271
0.010889024123649211,0.6682216220639987,0.46629906
0.010889024123649211,0.668303461821753,0.4662861
0.01089493243842059,0.668303461821753,0.46627915
0.01089493243842059,0.6683853015795074,0.46620876
0.010900840753191967,0.6683853015795074,0.4661812
0.010900840753191967,0.6684671413372616,0.4660865
0.010912657382734723,0.6684671413372616,0.46602207
0.010912657382734723,0.6685489810950159,0.46599558
0.0109185656975061,0.6685489810950159,0.4659704
0.0109185656975061,0.6687126606105246,0.46586463
0.010924474012277478,0.6687126606105246,0.46585995
0.010924474012277478,0.6689581798837876,0.46566984
0.010930382327048856,0.6689581798837876,0.465657
0.010930382327048856,0.6691218593992961,0.4655428
0.010936290641820234,0.6691218593992961,0.46542636
0.010936290641820234,0.6692855389148048,0.46527565
0.010942198956591612,0.6692855389148048,0.46526685
0.010942198956591612,0.6693673786725591,0.46519628
0.01094810727136299,0.6693673786725591,0.46513358
0.01094810727136299,0.6700220967345937,0.46438947
0.010959923900905744,0.6700220967345937,0.46432814
0.010959923900905744,0.670103936492348,0.46428218
0.0109717405304485,0.670103936492348,0.46420568
0.0109717405304485,0.6701857762501023,0.46410972
0.011001282104305388,0.6701857762501023,0.46362478
0.011001282104305388,0.6703494557656109,0.46357232
0.011007190419076766,0.6703494557656109,0.46345434
0.011007190419076766,0.6704312955233652,0.46338794
0.011019007048619522,0.6704312955233652,0.46330377
0.011019007048619522,0.6706768147966282,0.46317562
0.011036731992933655,0.6706768147966282,0.46274552
0.011036731992933655,0.6708404943121369,0.4623537
0.01104854862247641,0.6708404943121369,0.46234232
0.01104854862247641,0.6710041738276454,0.46227685
0.011054456937247789,0.6710041738276454,0.46218273
0.011054456937247789,0.6711678533431541,0.46207473
0.011066273566790545,0.6711678533431541,0.46191347
0.011066273566790545,0.6712496931009084,0.46188313
0.011072181881561923,0.6712496931009084,0.46186987
0.011072181881561923,0.6713315328586628,0.46178994
0.011095815140647433,0.6713315328586628,0.4615578
0.011095815140647433,0.6714133726164171,0.4614105
0.011101723455418811,0.6714133726164171,0.46136943
0.011101723455418811,0.6714952123741714,0.46117586
0.01110763177019019,0.6714952123741714,0.46116257
0.01110763177019019,0.6715770521319256,0.46106747
0.011119448399732943,0.6715770521319256,0.46075425
0.011119448399732943,0.67165889188968,0.46075192
0.0111312650292757,0.67165889188968,0.46067762
0.0111312650292757,0.6717407316474343,0.46064547
0.011137173344047077,0.6717407316474343,0.46054727
0.011137173344047077,0.6718225714051886,0.46041042
0.011154898288361212,0.6718225714051886,0.46007726
0.011154898288361212,0.671904411162943,0.4600764
0.011160806603132588,0.671904411162943,0.45999956
0.011160806603132588,0.6722317701939602,0.45956665
0.011166714917903966,0.6722317701939602,0.45953494
0.011166714917903966,0.6723136099517145,0.45951277
0.011178531547446722,0.6723136099517145,0.4593288
0.011178531547446722,0.6723954497094689,0.45911503
0.0111844398622181,0.6723954497094689,0.4590103
0.0111844398622181,0.6724772894672232,0.4589277
0.011190348176989478,0.6724772894672232,0.45892748
0.011190348176989478,0.6726409689827318,0.45883235
0.011196256491760856,0.6726409689827318,0.45852593
0.011196256491760856,0.6727228087404862,0.45845485
0.011202164806532232,0.6727228087404862,0.45833978
0.011202164806532232,0.6728864882559947,0.45832145
0.011213981436074988,0.6728864882559947,0.45801905
0.011213981436074988,0.6732138472870121,0.45790905
0.011225798065617744,0.6732138472870121,0.4577932
0.011225798065617744,0.6732956870447664,0.45764026
0.011231706380389122,0.6732956870447664,0.4576149
0.011231706380389122,0.6736230460757836,0.45737675
0.011255339639474633,0.6736230460757836,0.45685112
0.011255339639474633,0.6737048858335379,0.4566483
0.01126124795424601,0.6737048858335379,0.45663178
0.01126124795424601,0.6737867255912923,0.45645583
0.011267156269017389,0.6737867255912923,0.45643198
0.011267156269017389,0.6741140846223095,0.45612085
0.011273064583788767,0.6741140846223095,0.45597565
0.011273064583788767,0.6741959243800638,0.45584396
0.011278972898560143,0.6741959243800638,0.45582154
0.011278972898560143,0.6744414436533268,0.45565745
0.011290789528102899,0.6744414436533268,0.45554546
0.011290789528102899,0.6745232834110811,0.45540494
0.011296697842874277,0.6745232834110811,0.45530978
0.011296697842874277,0.6746051231688355,0.45529658
0.011338056046273921,0.6746051231688355,0.4547726
0.011338056046273921,0.6746869629265897,0.45477155
0.011355780990588055,0.6746869629265897,0.45466566
0.011355780990588055,0.674768802684344,0.4546272
0.011361689305359432,0.674768802684344,0.45458797
0.011361689305359432,0.6750961617153614,0.45423964
0.01136759762013081,0.6750961617153614,0.45420793
0.01136759762013081,0.6751780014731157,0.4541957
0.011379414249673566,0.6751780014731157,0.45408922
0.011379414249673566,0.6753416809886242,0.45386764
0.0113971391939877,0.6753416809886242,0.4537778
0.0113971391939877,0.6757508797773959,0.45356116
0.011408955823530454,0.6757508797773959,0.45342112
0.011408955823530454,0.6759145592929044,0.45315653
0.01142077245307321,0.6759145592929044,0.4528978
0.01142077245307321,0.6764055978394304,0.452659
0.011456222341701476,0.6764055978394304,0.4519928
0.011456222341701476,0.6766511171126933,0.45180658
0.01147394728601561,0.6766511171126933,0.45169467
0.01147394728601561,0.6768966363859563,0.4513857
0.011479855600786987,0.6768966363859563,0.451352
0.011479855600786987,0.6769784761437107,0.45134288
0.01149758054510112,0.6769784761437107,0.4510961
0.01149758054510112,0.677060315901465,0.45101953
0.011503488859872499,0.677060315901465,0.45086706
0.011503488859872499,0.6771421556592192,0.4508635
0.011509397174643877,0.6771421556592192,0.45068467
0.011509397174643877,0.6775513544479909,0.4502621
0.011515305489415255,0.6775513544479909,0.45016593
0.011515305489415255,0.6777150339634994,0.4499827
0.011538938748500765,0.6777150339634994,0.44976455
0.011538938748500765,0.6777968737212537,0.4497623
0.011562572007586275,0.6777968737212537,0.44954294
0.011562572007586275,0.6781242327522711,0.44933277
0.011592113581443166,0.6781242327522711,0.44916937
0.011592113581443166,0.6782879122677797,0.4491634
0.011598021896214544,0.6782879122677797,0.44911674
0.011598021896214544,0.678369752025534,0.44910786
0.01160393021098592,0.678369752025534,0.4490947
0.01160393021098592,0.6784515917832883,0.44901386
0.011609838525757298,0.6784515917832883,0.44900838
0.011609838525757298,0.6785334315410426,0.44872737
0.011615746840528676,0.6785334315410426,0.4485277
0.011615746840528676,0.6786971110565513,0.4483311
0.011627563470071432,0.6786971110565513,0.4482023
0.011627563470071432,0.6787789508143056,0.4481863
0.011639380099614186,0.6787789508143056,0.44784766
0.011639380099614186,0.6789426303298143,0.4478379
0.011645288414385564,0.6789426303298143,0.44766963
0.011645288414385564,0.6790244700875685,0.44760603
0.011651196729156942,0.6790244700875685,0.44751644
0.011651196729156942,0.6791063098453228,0.44751388
0.011686646617785209,0.6791063098453228,0.4470621
0.011686646617785209,0.6792699893608315,0.44698855
0.011692554932556587,0.6792699893608315,0.44696677
0.011692554932556587,0.6795155086340945,0.4467788
0.011698463247327965,0.6795155086340945,0.44668382
0.011698463247327965,0.6797610279073574,0.4465017
0.011704371562099343,0.6797610279073574,0.446499
0.011704371562099343,0.6798428676651117,0.44642806
0.01171027987687072,0.6798428676651117,0.4463546
0.01171027987687072,0.679924707422866,0.446262
0.011728004821184853,0.679924707422866,0.4461117
0.011728004821184853,0.6800883869383747,0.44599643
0.011769363024584497,0.6800883869383747,0.44536328
0.011769363024584497,0.680170226696129,0.44535854
0.011775271339355875,0.680170226696129,0.44521606
0.011775271339355875,0.6802520664538833,0.4451828
0.011781179654127253,0.6802520664538833,0.44516495
0.011781179654127253,0.6804157459693919,0.4449923
0.011804812913212764,0.6804157459693919,0.44478446
0.011804812913212764,0.6805794254849006,0.44442937
0.011828446172298276,0.6805794254849006,0.44438013
0.011828446172298276,0.6808249447581635,0.44427982
0.011834354487069654,0.6808249447581635,0.4440529
0.011834354487069654,0.6811523037891808,0.44360843
0.011846171116612408,0.6811523037891808,0.44352722
0.011846171116612408,0.6812341435469351,0.44349194
0.011857987746155164,0.6812341435469351,0.44335744
0.011857987746155164,0.6813159833046895,0.44326586
0.011863896060926542,0.6813159833046895,0.44322067
0.011863896060926542,0.6813978230624438,0.4430799
0.011899345949554808,0.6813978230624438,0.44279945
0.011899345949554808,0.681479662820198,0.44276753
0.011917070893868942,0.681479662820198,0.44251755
0.011917070893868942,0.6816433423357067,0.4424849
0.011922979208640319,0.6816433423357067,0.44233024
0.011922979208640319,0.681725182093461,0.44216895
0.011928887523411697,0.681725182093461,0.4421532
0.011928887523411697,0.6818070218512153,0.44215122
0.011934795838183075,0.6818070218512153,0.44212624
0.011934795838183075,0.6821343808822325,0.44172493
0.01194661246772583,0.6821343808822325,0.44169176
0.01194661246772583,0.6822162206399869,0.441639
0.011952520782497209,0.6822162206399869,0.44157925
0.011952520782497209,0.6822980603977412,0.44157174
0.011964337412039963,0.6822980603977412,0.4414182
0.011964337412039963,0.6823799001554955,0.44135752
0.011970245726811341,0.6823799001554955,0.44123554
0.011970245726811341,0.6824617399132499,0.44106296
0.011982062356354097,0.6824617399132499,0.44093293
0.011982062356354097,0.6826254194287585,0.44068894
0.011993878985896853,0.6826254194287585,0.44052097
0.011993878985896853,0.6827072591865128,0.44049367
0.012017512244982364,0.6827072591865128,0.43972337
0.012017512244982364,0.6827890989442671,0.4396793
0.012023420559753742,0.6827890989442671,0.43951023
0.012023420559753742,0.6829527784597758,0.43912968
0.012041145504067874,0.6829527784597758,0.43898252
0.012041145504067874,0.6830346182175301,0.43895486
0.012070687077924764,0.6830346182175301,0.43878585
0.012070687077924764,0.6831164579752844,0.43853098
0.012076595392696142,0.6831164579752844,0.43849608
0.012076595392696142,0.6831982977330388,0.438484
0.012100228651781652,0.6831982977330388,0.4383628
0.012100228651781652,0.6832801374907931,0.43828508
0.01210613696655303,0.6832801374907931,0.43812084
0.01210613696655303,0.6836074965218103,0.43786165
0.012147495169952675,0.6836074965218103,0.4374988
0.012147495169952675,0.6838530157950733,0.43710795
0.012165220114266807,0.6838530157950733,0.43706092
0.012165220114266807,0.6839348555528275,0.4370288
0.012177036743809563,0.6839348555528275,0.43700263
0.012177036743809563,0.6840166953105818,0.43695736
0.012188853373352319,0.6840166953105818,0.4367348
0.012188853373352319,0.6841803748260905,0.43665373
0.012194761688123697,0.6841803748260905,0.4362958
0.012194761688123697,0.6842622145838448,0.4362317
0.012200670002895075,0.6842622145838448,0.4361312
0.012200670002895075,0.6843440543415992,0.43608233
0.012206578317666451,0.6843440543415992,0.4360643
0.012206578317666451,0.6845895736148621,0.43600053
0.01221248663243783,0.6845895736148621,0.43591395
0.01221248663243783,0.684835092888125,0.43570027
0.012242028206294718,0.684835092888125,0.43542233
0.012242028206294718,0.6849169326458794,0.43535647
0.012247936521066096,0.6849169326458794,0.43535283
0.012247936521066096,0.685080612161388,0.4351268
0.012271569780151608,0.685080612161388,0.43480918
0.012271569780151608,0.6852442916768966,0.43430865
0.012277478094922986,0.6852442916768966,0.4343001
0.012277478094922986,0.6853261314346509,0.43428576
0.01228929472446574,0.6853261314346509,0.43401378
0.01228929472446574,0.6857353302234226,0.43372914
0.012295203039237118,0.6857353302234226,0.43363848
0.012295203039237118,0.6858171699811768,0.4335405
0.012307019668779874,0.6858171699811768,0.43346298
0.012307019668779874,0.6858990097389311,0.43343908
0.01231883629832263,0.6858990097389311,0.4332867
0.01231883629832263,0.6861445290121941,0.43317714
0.012330652927865384,0.6861445290121941,0.4330376
0.012330652927865384,0.6864718880432114,0.43274507
0.012348377872179519,0.6864718880432114,0.43201184
0.012348377872179519,0.6867174073164743,0.43171054
0.01236610281649365,0.6867174073164743,0.4314956
0.01236610281649365,0.6867992470742287,0.43148825
0.012383827760807785,0.6867992470742287,0.4312149
0.012383827760807785,0.6871266061052459,0.43065128
0.012395644390350541,0.6871266061052459,0.43060958
0.012395644390350541,0.6872084458630002,0.4305854
0.012407461019893295,0.6872084458630002,0.43040106
0.012407461019893295,0.6873721253785089,0.43012983
0.012419277649436051,0.6873721253785089,0.4298716
0.012419277649436051,0.6875358048940176,0.42969576
0.012431094278978807,0.6875358048940176,0.42948854
0.012431094278978807,0.6877813241672804,0.42928767
0.012437002593750185,0.6877813241672804,0.42926353
0.012437002593750185,0.6878631639250348,0.42925286
0.01244881922329294,0.6878631639250348,0.42915952
0.01244881922329294,0.6881086831982978,0.42882365
0.012460635852835696,0.6881086831982978,0.4286499
0.012460635852835696,0.6881905229560521,0.42823866
0.012466544167607074,0.6881905229560521,0.42819214
0.012466544167607074,0.6882723627138063,0.4280112
0.01247836079714983,0.6882723627138063,0.42789546
0.01247836079714983,0.6883542024715606,0.42767975
0.012490177426692584,0.6883542024715606,0.4275976
0.012490177426692584,0.688436042229315,0.42753524
0.012496085741463962,0.688436042229315,0.4274284
0.012496085741463962,0.6885178819870693,0.42737097
0.012507902371006718,0.6885178819870693,0.4273366
0.012507902371006718,0.6885997217448236,0.42729834
0.01252562731532085,0.6885997217448236,0.42717806
0.01252562731532085,0.6889270807758409,0.42682385
0.012531535630092228,0.6889270807758409,0.4266674
0.012531535630092228,0.6890907602913495,0.42664227
0.012543352259634984,0.6890907602913495,0.42639348
0.012543352259634984,0.6891726000491039,0.4263075
0.01255516888917774,0.6891726000491039,0.4261669
0.01255516888917774,0.6893362795646125,0.42608413
0.012561077203949118,0.6893362795646125,0.42607406
0.012561077203949118,0.6894181193223669,0.42602563
0.012602435407348763,0.6894181193223669,0.42518684
0.012602435407348763,0.6894999590801211,0.4251196
0.012614252036891517,0.6894999590801211,0.42506152
0.012614252036891517,0.6896636385956297,0.42485288
0.012620160351662895,0.6896636385956297,0.424709
0.012620160351662895,0.6897454783533841,0.4245492
0.012637885295977029,0.6897454783533841,0.42447564
0.012637885295977029,0.6901546771421556,0.42379057
0.012643793610748405,0.6901546771421556,0.42367187
0.012643793610748405,0.6904001964154186,0.423361
0.012649701925519783,0.6904001964154186,0.42323315
0.012649701925519783,0.6905638759309273,0.4228896
0.012655610240291161,0.6905638759309273,0.42279252
0.012655610240291161,0.6906457156886816,0.42266217
0.012673335184605295,0.6906457156886816,0.42252582
0.012673335184605295,0.6907275554464358,0.42250845
0.012679243499376673,0.6907275554464358,0.42244938
0.012679243499376673,0.6909730747196988,0.4222669
0.01268515181414805,0.6909730747196988,0.42218882
0.01268515181414805,0.6913004337507161,0.421794
0.012691060128919428,0.6913004337507161,0.42170125
0.012691060128919428,0.6913822735084704,0.42167413
0.012696968443690806,0.6913822735084704,0.42166102
0.012696968443690806,0.6918733120549964,0.42129007
0.012702876758462184,0.6918733120549964,0.42113587
0.012702876758462184,0.6919551518127506,0.42107335
0.012720601702776318,0.6919551518127506,0.42061928
0.012720601702776318,0.6920369915705049,0.42044455
0.012744234961861828,0.6920369915705049,0.42004767
0.012744234961861828,0.6922006710860136,0.41992584
0.012756051591404584,0.6922006710860136,0.4198104
0.012756051591404584,0.6928553891480481,0.4196027
0.012773776535718716,0.6928553891480481,0.41948745
0.012773776535718716,0.6929372289058024,0.4194695
0.012785593165261473,0.6929372289058024,0.4190971
0.012785593165261473,0.6930190686635568,0.4190191
0.012809226424346983,0.6930190686635568,0.41867974
0.012809226424346983,0.6931009084213111,0.41862124
0.01281513473911836,0.6931009084213111,0.41860467
0.01281513473911836,0.6931827481790654,0.418574
0.012821043053889739,0.6931827481790654,0.41852158
0.012821043053889739,0.6932645879368197,0.41847035
0.012826951368661117,0.6932645879368197,0.4184183
0.012826951368661117,0.6934282674523283,0.4182798
0.012856492942518005,0.6934282674523283,0.41824177
0.012856492942518005,0.6935101072100827,0.41823316
0.012862401257289383,0.6935101072100827,0.41820976
0.012862401257289383,0.693591946967837,0.41803512
0.012891942831146272,0.693591946967837,0.41762862
0.012891942831146272,0.6937556264833457,0.41747138
0.012903759460689028,0.6937556264833457,0.41730267
0.012903759460689028,0.6938374662410999,0.41730258
0.012909667775460406,0.6938374662410999,0.41719407
0.012909667775460406,0.6939193059988542,0.41716403
0.012915576090231784,0.6939193059988542,0.41709626
0.012915576090231784,0.6941648252721172,0.4169469
0.012939209349317294,0.6941648252721172,0.41632834
0.012939209349317294,0.6943285047876259,0.41627735
0.012945117664088672,0.6943285047876259,0.41626483
0.012945117664088672,0.6944103445453802,0.41619805
0.012956934293631428,0.6944103445453802,0.41607735
0.012956934293631428,0.6944921843031344,0.41597858
0.012962842608402806,0.6944921843031344,0.41592103
0.012962842608402806,0.6946558638186431,0.41569757
0.01297465923794556,0.6946558638186431,0.41538286
0.01297465923794556,0.6947377035763974,0.41529408
0.012992384182259694,0.6947377035763974,0.4150679
0.012992384182259694,0.6948195433341517,0.41505468
0.01300420081180245,0.6948195433341517,0.41495922
0.01300420081180245,0.6949013830919061,0.41494024
0.013010109126573827,0.6949013830919061,0.4146942
0.013010109126573827,0.6949832228496604,0.4146763
0.013016017441345205,0.6949832228496604,0.41463372
0.013016017441345205,0.6952287421229233,0.41410354
0.013033742385659339,0.6952287421229233,0.41402677
0.013033742385659339,0.6953105818806776,0.41391572
0.013051467329973471,0.6953105818806776,0.41370523
0.013051467329973471,0.695392421638432,0.41369456
0.013057375644744849,0.695392421638432,0.41367242
0.013057375644744849,0.6954742613961863,0.4136317
0.013063283959516227,0.6954742613961863,0.41347894
0.013063283959516227,0.6955561011539406,0.41333133
0.013086917218601737,0.6955561011539406,0.41319105
0.013086917218601737,0.695637940911695,0.41312805
0.01311055047768725,0.695637940911695,0.41293657
0.01311055047768725,0.6957197806694492,0.41288954
0.013122367107230005,0.6957197806694492,0.41264358
0.013122367107230005,0.6958834601849578,0.412458
0.013151908681086894,0.6958834601849578,0.41237256
0.013151908681086894,0.6959652999427122,0.41221973
0.013157816995858272,0.6959652999427122,0.41210684
0.013157816995858272,0.6962926589737294,0.41187525
0.013175541940172404,0.6962926589737294,0.41151276
0.013175541940172404,0.696701857762501,0.41110206
0.013181450254943782,0.696701857762501,0.41103226
0.013181450254943782,0.6970292167935183,0.41055194
0.01318735856971516,0.6970292167935183,0.4104935
0.01318735856971516,0.6971110565512726,0.41042864
0.013199175199257916,0.6971110565512726,0.41035017
0.013199175199257916,0.6973565758245356,0.410111
0.013205083514029294,0.6973565758245356,0.41010052
0.013205083514029294,0.6974384155822899,0.40997827
0.013216900143572049,0.6974384155822899,0.4099508
0.013216900143572049,0.6976020950977985,0.40985236
0.013222808458343427,0.6976020950977985,0.40980482
0.013222808458343427,0.6977657746133071,0.4096128
0.013228716773114805,0.6977657746133071,0.40951788
0.013228716773114805,0.6980112938865701,0.4092313
0.013234625087886183,0.6980112938865701,0.409186
0.013234625087886183,0.6980931336443245,0.40915117
0.013246441717428939,0.6980931336443245,0.40910122
0.013246441717428939,0.6981749734020787,0.40908927
0.013252350032200315,0.6981749734020787,0.40906486
0.013252350032200315,0.6983386529175873,0.4089662
0.013258258346971693,0.6983386529175873,0.40893525
0.013258258346971693,0.698747851706359,0.40864897
0.013275983291285827,0.698747851706359,0.40836385
0.013275983291285827,0.6988296914641132,0.40821302
0.013287799920828581,0.6988296914641132,0.4080567
0.013287799920828581,0.6989115312218676,0.4080387
0.01329370823559996,0.6989115312218676,0.40798745
0.01329370823559996,0.6991570504951305,0.40758088
0.013299616550371337,0.6991570504951305,0.407437
0.013299616550371337,0.6993207300106392,0.40740636
0.013305524865142715,0.6993207300106392,0.4071671
0.013305524865142715,0.6994025697683934,0.40709263
0.013311433179914093,0.6994025697683934,0.4070544
0.013311433179914093,0.6994844095261478,0.40704924
0.013317341494685471,0.6994844095261478,0.40701568
0.013317341494685471,0.6995662492839021,0.40689254
0.013340974753770982,0.6995662492839021,0.40673518
0.013340974753770982,0.6996480890416564,0.40662447
0.013405966216256138,0.6996480890416564,0.4057315
0.013405966216256138,0.6998936083149194,0.40555942
0.013441416104884404,0.6998936083149194,0.40517786
0.013441416104884404,0.6999754480726738,0.40501237
0.013465049363969915,0.6999754480726738,0.4047847
0.013465049363969915,0.700057287830428,0.40472698
0.013482774308284049,0.700057287830428,0.40449047
0.013482774308284049,0.7001391275881823,0.40448928
0.013512315882140937,0.7001391275881823,0.40412965
0.013512315882140937,0.7002209673459366,0.4040746
0.013524132511683693,0.7002209673459366,0.4040475
0.013524132511683693,0.7004664866191996,0.4038446
0.013541857455997825,0.7004664866191996,0.40369296
0.013541857455997825,0.700548326376954,0.40364856
0.013565490715083338,0.700548326376954,0.40337798
0.013565490715083338,0.7006301661347082,0.40326136
0.013589123974168848,0.7006301661347082,0.40298188
0.013589123974168848,0.7009575251657255,0.40282184
0.013600940603711604,0.7009575251657255,0.40277052
0.013600940603711604,0.7013667239544971,0.40240508
0.013630482177568492,0.7013667239544971,0.40211993
0.013630482177568492,0.7015304034700057,0.40201318
0.013654115436654003,0.7015304034700057,0.4015349
0.013654115436654003,0.7016122432277601,0.40145126
0.013665932066196759,0.7016122432277601,0.40141568
0.013665932066196759,0.7016940829855144,0.4013818
0.013677748695739515,0.7016940829855144,0.4012956
0.013677748695739515,0.7018577625010229,0.4011421
0.013683657010510893,0.7018577625010229,0.40108746
0.013683657010510893,0.7019396022587773,0.40108448
0.013689565325282269,0.7019396022587773,0.40100265
0.013689565325282269,0.7020214420165316,0.4008364
0.013707290269596403,0.7020214420165316,0.40064666
0.013707290269596403,0.7021032817742859,0.40051916
0.013713198584367781,0.7021032817742859,0.40051335
0.013713198584367781,0.7022669612897946,0.4003113
0.013719106899139159,0.7022669612897946,0.40030965
0.013719106899139159,0.7023488010475489,0.40028578
0.013725015213910537,0.7023488010475489,0.40027523
0.013725015213910537,0.7024306408053033,0.40026048
0.01374274015822467,0.7024306408053033,0.39996177
0.01374274015822467,0.7026761600785661,0.39982915
0.013766373417310181,0.7026761600785661,0.39960068
0.013766373417310181,0.7027579998363205,0.39957246
0.013772281732081558,0.7027579998363205,0.39955214
0.013772281732081558,0.7029216793518291,0.39936408
0.013831364879795336,0.7029216793518291,0.39886573
0.013831364879795336,0.7030853588673378,0.39873388
0.013837273194566714,0.7030853588673378,0.3986612
0.013837273194566714,0.7032490383828464,0.39859095
0.013854998138880846,0.7032490383828464,0.3984105
0.013854998138880846,0.7033308781406007,0.39819953
0.013860906453652224,0.7033308781406007,0.3979686
0.013860906453652224,0.703658237171618,0.3977892
0.013878631397966358,0.703658237171618,0.3976812
0.013878631397966358,0.7037400769293722,0.39757618
0.013902264657051869,0.7037400769293722,0.39728802
0.013902264657051869,0.7038219166871266,0.39688513
0.013919989601366003,0.7038219166871266,0.39645368
0.013919989601366003,0.7039037564448809,0.39617926
0.013931806230908757,0.7039037564448809,0.39614213
0.013931806230908757,0.7039855962026352,0.39611647
0.013937714545680135,0.7039855962026352,0.39605492
0.013937714545680135,0.7040674359603896,0.39604506
0.013943622860451513,0.7040674359603896,0.39600706
0.013943622860451513,0.7044766347491611,0.39594305
0.013949531175222891,0.7044766347491611,0.39590824
0.013949531175222891,0.7045584745069154,0.3958916
0.013961347804765647,0.7045584745069154,0.3957569
0.013961347804765647,0.7046403142646698,0.39568952
0.01397907274907978,0.7046403142646698,0.39548457
0.01397907274907978,0.7047221540224241,0.39547125
0.013996797693393914,0.7047221540224241,0.39533073
0.013996797693393914,0.7051313528111957,0.39516607
0.014014522637708046,0.7051313528111957,0.39499
0.014014522637708046,0.70521319256895,0.39498433
0.014020430952479424,0.70521319256895,0.39496902
0.014020430952479424,0.7053768720844587,0.39491826
0.014026339267250802,0.7053768720844587,0.3948818
0.014026339267250802,0.7055405515999673,0.39474547
0.01403224758202218,0.7055405515999673,0.3944286
0.01403224758202218,0.7056223913577215,0.39438486
0.014049972526336314,0.7056223913577215,0.3941949
0.014049972526336314,0.7057042311154759,0.39416778
0.01405588084110769,0.7057042311154759,0.39408225
0.01405588084110769,0.7058679106309845,0.39395303
0.014073605785421824,0.7058679106309845,0.3938435
0.014073605785421824,0.7060315901464932,0.3936343
0.01408542241496458,0.7060315901464932,0.3934879
0.01408542241496458,0.7063589491775104,0.3933665
0.014097239044507335,0.7063589491775104,0.39296696
0.014097239044507335,0.7066044684507734,0.39274794
0.014103147359278713,0.7066044684507734,0.39274693
0.014103147359278713,0.7068499877240363,0.3924852
0.014138597247906979,0.7068499877240363,0.39204863
0.014138597247906979,0.7070955069972993,0.39188007
0.014174047136535245,0.7070955069972993,0.39147055
0.014174047136535245,0.707259186512808,0.39142343
0.014179955451306623,0.707259186512808,0.39140722
0.014179955451306623,0.7074228660283166,0.39128664
0.01419177208084938,0.7074228660283166,0.3911738
0.01419177208084938,0.7075047057860708,0.39115572
0.014209497025163513,0.7075047057860708,0.3910356
0.014209497025163513,0.7076683853015795,0.39092538
0.01421540533993489,0.7076683853015795,0.39087933
0.01421540533993489,0.7077502250593338,0.39084664
0.014221313654706268,0.7077502250593338,0.3907949
0.014221313654706268,0.7078320648170882,0.3907635
0.014233130284249024,0.7078320648170882,0.3905962
0.014233130284249024,0.7079139045748425,0.39055175
0.014239038599020402,0.7079139045748425,0.39052382
0.014239038599020402,0.708323103363614,0.3901464
0.014256763543334534,0.708323103363614,0.38986745
0.014256763543334534,0.7084049431213684,0.389702
0.014274488487648668,0.7084049431213684,0.3896474
0.014274488487648668,0.7086504623946314,0.38952896
0.014280396802420046,0.7086504623946314,0.38950238
0.014280396802420046,0.7087323021523856,0.38937423
0.014286305117191424,0.7087323021523856,0.38927558
0.014286305117191424,0.7088141419101399,0.38926485
0.014309938376276934,0.7088141419101399,0.38905886
0.014309938376276934,0.7088959816678942,0.3889878
0.014315846691048312,0.7088959816678942,0.38898414
0.014315846691048312,0.7092233406989116,0.3886409
0.014351296579676579,0.7092233406989116,0.3883478
0.014351296579676579,0.7093051804566658,0.3882141
0.014357204894447957,0.7093051804566658,0.38819703
0.014357204894447957,0.7093870202144201,0.38819504
0.014363113209219335,0.7093870202144201,0.38818717
0.014363113209219335,0.7095506997299288,0.3880434
0.014374929838762089,0.7095506997299288,0.38802987
0.014374929838762089,0.7096325394876831,0.38797826
0.014380838153533467,0.7096325394876831,0.38797235
0.014380838153533467,0.7099598985187003,0.38767436
0.014392654783076223,0.7099598985187003,0.38756794
0.014392654783076223,0.7100417382764547,0.3875568
0.014398563097847601,0.7100417382764547,0.3875375
0.014398563097847601,0.710123578034209,0.38744786
0.01440447141261898,0.710123578034209,0.3874283
0.01440447141261898,0.7102872575497177,0.3873661
0.014416288042161733,0.7102872575497177,0.38730186
0.014416288042161733,0.710369097307472,0.38723016
0.014445829616018624,0.710369097307472,0.38704225
0.014445829616018624,0.7104509370652263,0.3870393
0.014475371189875512,0.7104509370652263,0.3867963
0.014475371189875512,0.7105327768229805,0.3867906
0.01448127950464689,0.7105327768229805,0.386721
0.01448127950464689,0.7106146165807349,0.3867149
0.014499004448961022,0.7106146165807349,0.38635296
0.014499004448961022,0.7106964563384892,0.38629854
0.014516729393275156,0.7106964563384892,0.38604107
0.014516729393275156,0.7107782960962435,0.386031
0.014528546022817912,0.7107782960962435,0.38582453
0.014528546022817912,0.7108601358539979,0.38579878
0.014569904226217557,0.7108601358539979,0.38547686
0.014569904226217557,0.7110238153695065,0.38544402
0.014581720855760311,0.7110238153695065,0.38509095
0.014581720855760311,0.7111056551272609,0.38506484
0.014587629170531689,0.7111056551272609,0.38496277
0.014587629170531689,0.7115148539160324,0.38454112
0.014605354114845823,0.7115148539160324,0.3842295
0.014605354114845823,0.7115966936737868,0.38418627
0.014611262429617201,0.7115966936737868,0.38416147
0.014611262429617201,0.7120877322203126,0.38355547
0.014623079059159955,0.7120877322203126,0.38351858
0.014623079059159955,0.7124150912513298,0.3833061
0.014646712318245467,0.7124150912513298,0.38296375
0.014646712318245467,0.7124969310090842,0.3829299
0.014652620633016845,0.7124969310090842,0.38289356
0.014652620633016845,0.7126606105245928,0.38275072
0.0146644372625596,0.7126606105245928,0.38273865
0.0146644372625596,0.7127424502823472,0.3827054
0.014682162206873734,0.7127424502823472,0.38242623
0.014682162206873734,0.7129061297978558,0.382138
0.01469397883641649,0.7129061297978558,0.38198376
0.01469397883641649,0.7129879695556102,0.3819687
0.014705795465959244,0.7129879695556102,0.38190934
0.014705795465959244,0.7131516490711187,0.38178754
0.014711703780730622,0.7131516490711187,0.3817325
0.014711703780730622,0.713233488828873,0.3815901
0.014717612095502,0.713233488828873,0.38157564
0.014717612095502,0.7133153285866274,0.38156372
0.014723520410273378,0.7133153285866274,0.3815233
0.014723520410273378,0.7133971683443817,0.3814138
0.014729428725044756,0.7133971683443817,0.38137734
0.014729428725044756,0.713479008102136,0.3813299
0.01474124535458751,0.713479008102136,0.38122058
0.01474124535458751,0.7135608478598904,0.38117713
0.014747153669358888,0.7135608478598904,0.3811425
0.014747153669358888,0.7136426876176446,0.38112748
0.014753061984130266,0.7136426876176446,0.3810727
0.014753061984130266,0.7137245273753989,0.38099995
0.014764878613673022,0.7137245273753989,0.38084805
0.014764878613673022,0.7138063671331533,0.38072932
0.0147707869284444,0.7138063671331533,0.38072613
0.0147707869284444,0.7138882068909076,0.3806711
0.01479442018752991,0.7138882068909076,0.38034272
0.01479442018752991,0.7139700466486619,0.3803121
0.014800328502301289,0.7139700466486619,0.38029233
0.014800328502301289,0.7140518864064163,0.380265
0.014812145131844045,0.7140518864064163,0.3802189
0.014812145131844045,0.7142155659219249,0.38014236
0.014835778390929555,0.7142155659219249,0.37987107
0.014835778390929555,0.7142974056796791,0.37986985
0.01485350333524369,0.7142974056796791,0.37978625
0.01485350333524369,0.7143792454374335,0.37973025
0.0148771365943292,0.7143792454374335,0.37966806
0.0148771365943292,0.7144610851951878,0.37948462
0.014883044909100578,0.7144610851951878,0.37944317
0.014883044909100578,0.7147066044684508,0.37930727
0.014888953223871956,0.7147066044684508,0.37923765
0.014888953223871956,0.7147884442262051,0.3791656
0.01490076985341471,0.7147884442262051,0.37906495
0.01490076985341471,0.7148702839839594,0.37905115
0.014906678168186088,0.7148702839839594,0.37903652
0.014906678168186088,0.7149521237417137,0.37900215
0.014912586482957466,0.7149521237417137,0.3789881
0.014912586482957466,0.715033963499468,0.37889782
0.014918494797728844,0.715033963499468,0.37887985
0.014918494797728844,0.715279482772731,0.37841266
0.014924403112500222,0.715279482772731,0.37834096
0.014924403112500222,0.7154431622882397,0.37830225
0.014942128056814354,0.7154431622882397,0.37806332
0.014942128056814354,0.7155250020459939,0.3780046
0.014959853001128488,0.7155250020459939,0.37776187
0.014959853001128488,0.7157705213192569,0.37748733
0.014965761315899866,0.7157705213192569,0.37748474
0.014965761315899866,0.7159342008347656,0.3774544
0.014983486260213999,0.7159342008347656,0.37735298
0.014983486260213999,0.7161797201080284,0.37719926
0.014989394574985377,0.7161797201080284,0.37709594
0.014989394574985377,0.7164252393812914,0.3770331
0.015013027834070889,0.7164252393812914,0.37692538
0.015013027834070889,0.7165070791390458,0.3768414
0.015024844463613643,0.7165070791390458,0.37678522
0.015024844463613643,0.7165889188968001,0.3766461
0.015030752778385021,0.7165889188968001,0.3763293
0.015030752778385021,0.7166707586545544,0.37613565
0.015042569407927777,0.7166707586545544,0.37608683
0.015042569407927777,0.7167525984123087,0.3760474
0.01506029435224191,0.7167525984123087,0.37575984
0.01506029435224191,0.717325476716589,0.37534997
0.015107560870412932,0.717325476716589,0.37467414
0.015107560870412932,0.7177346755053605,0.37437984
0.01511346918518431,0.7177346755053605,0.374324
0.01511346918518431,0.7178165152631149,0.37410018
0.015119377499955688,0.7178165152631149,0.374066
0.015119377499955688,0.7179801947786234,0.37385914
0.015125285814727066,0.7179801947786234,0.3735971
0.015125285814727066,0.7181438742941321,0.37356436
0.015154827388583954,0.7181438742941321,0.37321544
0.015154827388583954,0.7182257140518864,0.37302983
0.01516664401812671,0.7182257140518864,0.37291
0.01516664401812671,0.7183893935673951,0.37286898
0.01519027727721222,0.7183893935673951,0.37266868
0.01519027727721222,0.7184712333251494,0.37256673
0.015202093906754977,0.7184712333251494,0.3725206
0.015202093906754977,0.7185530730829037,0.37239504
0.015213910536297733,0.7185530730829037,0.3723647
0.015213910536297733,0.7187985923561666,0.372123
0.015219818851069109,0.7187985923561666,0.37211388
0.015219818851069109,0.7188804321139209,0.37210312
0.015237543795383243,0.7188804321139209,0.37191945
0.015237543795383243,0.7190441116294296,0.37185004
0.015243452110154621,0.7190441116294296,0.3718172
0.015243452110154621,0.7192077911449382,0.37158504
0.015249360424925999,0.7192077911449382,0.37157544
0.015249360424925999,0.7195351501759555,0.37137505
0.015278901998782887,0.7195351501759555,0.37111187
0.015278901998782887,0.7196988296914641,0.37105513
0.015284810313554265,0.7196988296914641,0.37100336
0.015284810313554265,0.7198625092069727,0.370958
0.015290718628325643,0.7198625092069727,0.3709416
0.015290718628325643,0.719944348964727,0.37092027
0.015296626943097021,0.719944348964727,0.37091476
0.015296626943097021,0.7201080284802357,0.37063822
0.01532616851695391,0.7201080284802357,0.37016794
0.01532616851695391,0.7202717079957444,0.37009066
0.015332076831725288,0.7202717079957444,0.37004167
0.015332076831725288,0.7203535477534987,0.37003484
0.01534980177603942,0.7203535477534987,0.3695404
0.01534980177603942,0.7204353875112529,0.36951095
0.01540297660898182,0.7204353875112529,0.3688996
0.01540297660898182,0.7209264260577789,0.36853033
0.015450243127152843,0.7209264260577789,0.3682236
0.015450243127152843,0.7210082658155332,0.36817005
0.01545615144192422,0.7210082658155332,0.36812702
0.01545615144192422,0.7210901055732875,0.36807948
0.015503417960095241,0.7210901055732875,0.3674645
0.015503417960095241,0.7211719453310418,0.36742488
0.015521142904409375,0.7211719453310418,0.36724642
0.015521142904409375,0.7212537850887961,0.36722216
0.015544776163494886,0.7212537850887961,0.3671545
0.015544776163494886,0.7214174646043048,0.3670472
0.015556592793037642,0.7214174646043048,0.36696935
0.015556592793037642,0.7214993043620591,0.3668498
0.01556250110780902,0.7214993043620591,0.36683476
0.01556250110780902,0.7215811441198134,0.36678886
0.015568409422580398,0.7215811441198134,0.36676535
0.015568409422580398,0.721744823635322,0.36667615
0.015574317737351776,0.721744823635322,0.36665797
0.015574317737351776,0.7219085031508307,0.36657944
0.015603859311208664,0.7219085031508307,0.36646026
0.015603859311208664,0.721990342908585,0.36645815
0.015609767625980042,0.721990342908585,0.36636654
0.015609767625980042,0.7226450609706195,0.36594185
0.015633400885065554,0.7226450609706195,0.36559018
0.015633400885065554,0.7229724200016368,0.3655028
0.01563930919983693,0.7229724200016368,0.3654845
0.01563930919983693,0.7232179392748997,0.365424
0.015645217514608307,0.7232179392748997,0.36539388
0.015645217514608307,0.7232997790326541,0.36537075
0.015651125829379685,0.7232997790326541,0.36535648
0.015651125829379685,0.7234634585481627,0.36522427
0.015657034144151063,0.7234634585481627,0.36516333
0.015657034144151063,0.7236271380636713,0.36507535
0.015674759088465197,0.7236271380636713,0.36478588
0.015674759088465197,0.7237089778214256,0.36476943
0.015680667403236575,0.7237089778214256,0.36476162
0.015680667403236575,0.72379081757918,0.364734
0.01569839234755071,0.72379081757918,0.36460048
0.01569839234755071,0.7239544970946886,0.36453044
0.015704300662322087,0.7239544970946886,0.36448053
0.015704300662322087,0.724036336852443,0.3644407
0.015710208977093465,0.724036336852443,0.36438328
0.015710208977093465,0.7241181766101973,0.36425894
0.015716117291864843,0.7241181766101973,0.36411265
0.015716117291864843,0.7242000163679515,0.3640039
0.01574565886572173,0.7242000163679515,0.36365205
0.01574565886572173,0.7242818561257058,0.363571
0.015757475495264486,0.7242818561257058,0.36343926
0.015757475495264486,0.7244455356412145,0.36335424
0.01576929212480724,0.7244455356412145,0.3632884
0.01576929212480724,0.7246092151567232,0.36324883
0.015804742013435506,0.7246092151567232,0.36286932
0.015804742013435506,0.7251820934610034,0.362396
0.015810650328206884,0.7251820934610034,0.36232784
0.015810650328206884,0.7252639332187577,0.36232737
0.015834283587292396,0.7252639332187577,0.36213467
0.015834283587292396,0.725345772976512,0.36210886
0.015840191902063774,0.725345772976512,0.36203122
0.015840191902063774,0.7255094524920206,0.36175063
0.015846100216835152,0.7255094524920206,0.36163735
0.015846100216835152,0.7255912922497749,0.36163017
0.01585200853160653,0.7255912922497749,0.36158356
0.01585200853160653,0.7256731320075293,0.36157718
0.01585791684637791,0.7256731320075293,0.36153367
0.01585791684637791,0.7258368115230379,0.36152852
0.015869733475920664,0.7258368115230379,0.36148918
0.015869733475920664,0.7262460103118095,0.3613367
0.015875641790692042,0.7262460103118095,0.3612764
0.015875641790692042,0.7264096898273181,0.36105794
0.015881550105463417,0.7264096898273181,0.36093524
0.015881550105463417,0.7265733693428268,0.3608975
0.015893366735006173,0.7265733693428268,0.3608001
0.015893366735006173,0.726655209100581,0.3607007
0.01589927504977755,0.726655209100581,0.3606694
0.01589927504977755,0.726900728373844,0.3604514
0.015946541567948575,0.726900728373844,0.3599699
0.015946541567948575,0.7269825681315983,0.3599136
0.015952449882719953,0.7269825681315983,0.35991067
0.015952449882719953,0.7270644078893527,0.3598959
0.015987899771348218,0.7270644078893527,0.3595335
0.015987899771348218,0.7272280874048613,0.35950714
0.015993808086119596,0.7272280874048613,0.3594218
0.015993808086119596,0.7273099271626156,0.35940164
0.015999716400890974,0.7273099271626156,0.35925835
0.015999716400890974,0.7273917669203699,0.3592445
0.016029257974747864,0.7273917669203699,0.3587319
0.016029257974747864,0.7274736066781242,0.35872486
0.016035166289519242,0.7274736066781242,0.3587225
0.016035166289519242,0.7275554464358786,0.35870653
0.01606470786337613,0.7275554464358786,0.35822353
0.01606470786337613,0.7276372861936329,0.3581984
0.01608834112246164,0.7276372861936329,0.3578695
0.01608834112246164,0.7278828054668958,0.35765105
0.016111974381547153,0.7278828054668958,0.35707754
0.016111974381547153,0.7279646452246501,0.35703155
0.01611788269631853,0.7279646452246501,0.35689497
0.01611788269631853,0.7280464849824044,0.3568856
0.016129699325861283,0.7280464849824044,0.35662192
0.016129699325861283,0.7282101644979131,0.35629922
0.01613560764063266,0.7282101644979131,0.35618922
0.01613560764063266,0.7284556837711761,0.3560465
0.016147424270175417,0.7284556837711761,0.35590705
0.016147424270175417,0.7288648825599476,0.35567507
0.016153332584946795,0.7288648825599476,0.35562092
0.016153332584946795,0.728946722317702,0.35558805
0.016159240899718173,0.728946722317702,0.3555739
0.016159240899718173,0.7290285620754563,0.35548738
0.016188782473575063,0.7290285620754563,0.35520157
0.016188782473575063,0.7291104018332105,0.35518998
0.01619469078834644,0.7291104018332105,0.35506895
0.01619469078834644,0.7291922415909649,0.35493436
0.016206507417889194,0.7291922415909649,0.35491502
0.016206507417889194,0.7293559211064735,0.35485518
0.016212415732660572,0.7293559211064735,0.3548271
0.016212415732660572,0.7295196006219822,0.3547503
0.016230140676974706,0.7295196006219822,0.35464925
0.016230140676974706,0.7297651198952451,0.35459664
0.016241957306517462,0.7297651198952451,0.35444337
0.016241957306517462,0.7298469596529994,0.35426888
0.01624786562128884,0.7298469596529994,0.35426667
0.01624786562128884,0.7299287994107537,0.3542545
0.016312857083773995,0.7299287994107537,0.3537591
0.016312857083773995,0.7300106391685081,0.35368603
0.01632467371331675,0.7300106391685081,0.35356194
0.01632467371331675,0.7300924789262624,0.3535223
0.016336490342859507,0.7300924789262624,0.35350966
0.016336490342859507,0.7305835174727883,0.35282293
0.01635421528717364,0.7305835174727883,0.35269052
0.01635421528717364,0.7306653572305426,0.35268778
0.01637194023148777,0.7306653572305426,0.3526506
0.01637194023148777,0.7307471969882969,0.3525435
0.01637784854625915,0.7307471969882969,0.35246116
0.01637784854625915,0.7308290367460513,0.35237643
0.016383756861030527,0.7308290367460513,0.35228178
0.016383756861030527,0.7309927162615598,0.35224384
0.016389665175801905,0.7309927162615598,0.35218352
0.016389665175801905,0.7310745560193141,0.35216415
0.016395573490573283,0.7310745560193141,0.35207984
0.016395573490573283,0.7311563957770685,0.3518731
0.01640739012011604,0.7311563957770685,0.3517687
0.01640739012011604,0.7312382355348228,0.35170633
0.01643693169397293,0.7312382355348228,0.35152063
0.01643693169397293,0.7313200752925771,0.3514416
0.016442840008744308,0.7313200752925771,0.35137734
0.016442840008744308,0.7314837548080858,0.35133877
0.016448748323515682,0.7314837548080858,0.35132122
0.016448748323515682,0.7317292740813487,0.35109743
0.01648419821214395,0.7317292740813487,0.3507326
0.01648419821214395,0.731811113839103,0.35071453
0.016490106526915328,0.731811113839103,0.35067144
0.016490106526915328,0.7318929535968574,0.35058063
0.01651964810077222,0.7318929535968574,0.3503349
0.01651964810077222,0.7321384728701203,0.35027012
0.01653737304508635,0.7321384728701203,0.3500971
0.01653737304508635,0.7323021523856289,0.35006407
0.016555097989400483,0.7323021523856289,0.34978893
0.016555097989400483,0.7323839921433832,0.34977302
0.016572822933714617,0.7323839921433832,0.34961918
0.016572822933714617,0.7324658319011376,0.3495898
0.016584639563257373,0.7324658319011376,0.34933186
0.016584639563257373,0.7325476716588919,0.34925258
0.01664372271097115,0.7325476716588919,0.34887156
0.01664372271097115,0.7326295114166462,0.34885514
0.01669098922914217,0.7326295114166462,0.34823814
0.01669098922914217,0.7327931909321549,0.34818578
0.016708714173456304,0.7327931909321549,0.3480758
0.016708714173456304,0.7329568704476634,0.34798443
0.01672643911777044,0.7329568704476634,0.34790158
0.01672643911777044,0.7331205499631721,0.34785315
0.01675007237685595,0.7331205499631721,0.34754196
0.01675007237685595,0.7333660692364351,0.34746176
0.01675598069162733,0.7333660692364351,0.34743038
0.01675598069162733,0.7334479089941893,0.34740174
0.016761889006398707,0.7334479089941893,0.34731615
0.016761889006398707,0.7335297487519437,0.34730753
0.016791430580255593,0.7335297487519437,0.34719467
0.016791430580255593,0.733611588509698,0.34708416
0.016815063839341105,0.733611588509698,0.3468575
0.016815063839341105,0.7336934282674523,0.34684974
0.016820972154112483,0.7336934282674523,0.34681723
0.016820972154112483,0.7337752680252067,0.3467781
0.016838697098426617,0.7337752680252067,0.34672317
0.016838697098426617,0.733857107782961,0.346674
0.016856422042740748,0.733857107782961,0.34641743
0.016856422042740748,0.7340207872984696,0.34637254
0.01688005530182626,0.7340207872984696,0.34605753
0.01688005530182626,0.7341026270562239,0.34601793
0.016885963616597638,0.7341026270562239,0.34597906
0.016885963616597638,0.7341844668139782,0.34587687
0.01690959687568315,0.7341844668139782,0.34557974
0.01690959687568315,0.7342663065717325,0.34557456
0.016921413505225906,0.7342663065717325,0.34537587
0.016921413505225906,0.7344299860872412,0.34524062
0.016945046764311415,0.7344299860872412,0.3450565
0.016945046764311415,0.7345118258449955,0.34505475
0.01695686339385417,0.7345118258449955,0.3449769
0.01695686339385417,0.7345936656027499,0.34497085
0.016968680023396927,0.7345936656027499,0.34485444
0.016968680023396927,0.7347573451182584,0.34479463
0.016974588338168305,0.7347573451182584,0.3445914
0.016974588338168305,0.7348391848760127,0.34427428
0.01699231328248244,0.7348391848760127,0.34418684
0.01699231328248244,0.7349210246337671,0.34417704
0.017015946541567947,0.7349210246337671,0.34399176
0.017015946541567947,0.7350028643915214,0.34394056
0.017057304744967593,0.7350028643915214,0.3436146
0.017057304744967593,0.7351665439070301,0.34339964
0.01706321305973897,0.7351665439070301,0.34338078
0.01706321305973897,0.7352483836647844,0.34333938
0.017075029689281727,0.7352483836647844,0.3433111
0.017075029689281727,0.7353302234225386,0.34325403
0.017092754633595858,0.7353302234225386,0.3430634
0.017092754633595858,0.735412063180293,0.34304464
0.017098662948367236,0.735412063180293,0.34304336
0.017098662948367236,0.7357394222113103,0.34276593
0.017110479577909992,0.7357394222113103,0.34274435
0.017110479577909992,0.7358212619690646,0.34254718
0.01711638789268137,0.7358212619690646,0.34235063
0.01711638789268137,0.7359031017268189,0.3422918
0.017128204522224126,0.7359031017268189,0.34214473
0.017128204522224126,0.7362304607578362,0.34205434
0.017134112836995504,0.7362304607578362,0.34194604
0.017134112836995504,0.7363123005155905,0.34193024
0.01714592946653826,0.7363123005155905,0.34187788
0.01714592946653826,0.7364759800310992,0.34184277
0.017163654410852394,0.7364759800310992,0.3417216
0.017163654410852394,0.7365578197888534,0.3416373
0.017181379355166525,0.7365578197888534,0.34150493
0.017181379355166525,0.736721499304362,0.34142163
0.01719910429948066,0.736721499304362,0.34117705
0.01719910429948066,0.7368033390621164,0.34109023
0.017205012614252037,0.7368033390621164,0.3410836
0.017205012614252037,0.7368851788198707,0.341042
0.017210920929023415,0.7368851788198707,0.3409553
0.017210920929023415,0.736967018577625,0.34090748
0.017216829243794793,0.736967018577625,0.3408416
0.017216829243794793,0.7370488583353794,0.3408099
0.017258187447194435,0.7370488583353794,0.34031522
0.017258187447194435,0.7371306980931337,0.34022903
0.017264095761965813,0.7371306980931337,0.34013483
0.017264095761965813,0.7372125378508879,0.3400579
0.01727000407673719,0.7372125378508879,0.3398844
0.01727000407673719,0.7373762173663966,0.3398437
0.017281820706279948,0.7373762173663966,0.33980235
0.017281820706279948,0.7374580571241509,0.3397658
0.017293637335822704,0.7374580571241509,0.3396742
0.017293637335822704,0.7375398968819052,0.3396488
0.01729954565059408,0.7375398968819052,0.33956504
0.01729954565059408,0.7377035763974139,0.3394997
0.017340903853993724,0.7377035763974139,0.33926356
0.017340903853993724,0.7378672559129225,0.3392359
0.01735862879830786,0.7378672559129225,0.3390395
0.01735862879830786,0.7380309354284311,0.33893684
0.01738226205739337,0.7380309354284311,0.33879215
0.01738226205739337,0.7381127751861855,0.338791
0.01738817037216475,0.7381127751861855,0.3385836
0.01738817037216475,0.7381946149439398,0.33852738
0.017405895316478882,0.7381946149439398,0.33829933
0.017405895316478882,0.738521973974957,0.33802444
0.017411803631250257,0.738521973974957,0.33800423
0.017411803631250257,0.7386856534904657,0.33794308
0.017417711946021635,0.7386856534904657,0.3379302
0.017417711946021635,0.7388493330059743,0.33782357
0.017423620260793013,0.7388493330059743,0.33782342
0.017423620260793013,0.7390130125214829,0.33765358
0.01743543689033577,0.7390130125214829,0.3375925
0.01743543689033577,0.7391766920369915,0.33748814
0.017453161834649903,0.7391766920369915,0.33725435
0.017453161834649903,0.7392585317947459,0.33724505
0.01745907014942128,0.7392585317947459,0.3370367
0.01745907014942128,0.7394222113102545,0.33701748
0.01746497846419266,0.7394222113102545,0.33701718
0.01746497846419266,0.7395858908257632,0.33677745
0.017476795093735415,0.7395858908257632,0.3365681
0.017476795093735415,0.7396677305835174,0.33641782
0.017482703408506793,0.7396677305835174,0.3364014
0.017482703408506793,0.7397495703412718,0.3363629
0.017494520038049546,0.7397495703412718,0.3363113
0.017494520038049546,0.7398314100990261,0.33627823
0.017500428352820924,0.7398314100990261,0.33624393
0.017500428352820924,0.740322448645552,0.33592495
0.01751224498236368,0.740322448645552,0.33582646
0.01751224498236368,0.740567967918815,0.3354833
0.017524061611906436,0.740567967918815,0.33538744
0.017524061611906436,0.7407316474343236,0.33524093
0.017553603185763326,0.7407316474343236,0.33501017
0.017553603185763326,0.740813487192078,0.33500648
0.017577236444848834,0.740813487192078,0.33477893
0.017577236444848834,0.7413045257386038,0.3343793
0.017583144759620212,0.7413045257386038,0.33436856
0.017583144759620212,0.7414682052541125,0.3343266
0.01758905307439159,0.7414682052541125,0.33424824
0.01758905307439159,0.7415500450118667,0.33424205
0.01759496138916297,0.7415500450118667,0.33414498
0.01759496138916297,0.741631884769621,0.33409318
0.01761859464824848,0.741631884769621,0.33391544
0.01761859464824848,0.7417955642851297,0.33383417
0.01762450296301986,0.7417955642851297,0.33379722
0.01762450296301986,0.741877404042884,0.33377993
0.017642227907333993,0.741877404042884,0.3336342
0.017642227907333993,0.7419592438006384,0.33362466
0.01764813622210537,0.7419592438006384,0.33354527
0.01764813622210537,0.7420410835583927,0.33353633
0.017654044536876745,0.7420410835583927,0.33351836
0.017654044536876745,0.7421229233161469,0.3334623
0.0176658611664195,0.7421229233161469,0.33343038
0.0176658611664195,0.7426139618626729,0.33312452
0.017689494425505013,0.7426139618626729,0.33281985
0.017689494425505013,0.7427776413781815,0.33274314
0.01770131105504777,0.7427776413781815,0.33261517
0.01770131105504777,0.7428594811359358,0.3325173
0.01772494431413328,0.7428594811359358,0.33236915
0.01772494431413328,0.7429413208936901,0.3323496
0.017730852628904656,0.7429413208936901,0.332349
0.017730852628904656,0.7430231606514445,0.33233976
0.017760394202761546,0.7430231606514445,0.33210346
0.017760394202761546,0.7431050004091988,0.33209512
0.017766302517532924,0.7431050004091988,0.33205077
0.017766302517532924,0.7431868401669531,0.33198974
0.01777811914707568,0.7431868401669531,0.33179647
0.01777811914707568,0.7432686799247075,0.33176294
0.017795844091389814,0.7432686799247075,0.3316263
0.017795844091389814,0.7433505196824617,0.3314696
0.01780766072093257,0.7433505196824617,0.33131626
0.01780766072093257,0.743432359440216,0.3311494
0.01783129398001808,0.743432359440216,0.33102715
0.01783129398001808,0.7435960389557247,0.33089048
0.017837202294789457,0.7435960389557247,0.33087558
0.017837202294789457,0.7438415582289877,0.33082283
0.01786083555387497,0.7438415582289877,0.33069283
0.01786083555387497,0.7440052377444962,0.33058253
0.017872652183417725,0.7440052377444962,0.33040875
0.017872652183417725,0.7440870775022506,0.3303705
0.017878560498189103,0.7440870775022506,0.33035067
0.017878560498189103,0.7441689172600049,0.33034337
0.01788446881296048,0.7441689172600049,0.33031404
0.01788446881296048,0.7442507570177592,0.33031094
0.017914010386817367,0.7442507570177592,0.33008334
0.017914010386817367,0.7443325967755136,0.33002692
0.017949460275445635,0.7443325967755136,0.32974216
0.017949460275445635,0.7444144365332679,0.32958612
0.017973093534531144,0.7444144365332679,0.329374
0.017973093534531144,0.7444962762910222,0.3293302
0.017979001849302522,0.7444962762910222,0.32927224
0.017979001849302522,0.7445781160487766,0.3292718
0.018002635108388034,0.7445781160487766,0.32907173
0.018002635108388034,0.7448236353220394,0.32892838
0.018026268367473546,0.7448236353220394,0.32862428
0.018026268367473546,0.7450691545953024,0.32851997
0.018049901626559058,0.7450691545953024,0.32838562
0.018049901626559058,0.7451509943530568,0.32838145
0.018055809941330433,0.7451509943530568,0.32823676
0.018055809941330433,0.745232834110811,0.32820717
0.01806762657087319,0.745232834110811,0.3281193
0.01806762657087319,0.7453146738685653,0.32810208
0.018079443200415945,0.7453146738685653,0.32785875
0.018079443200415945,0.7455601931418283,0.3276981
0.018114893089044213,0.7455601931418283,0.32741287
0.018114893089044213,0.745723872657337,0.32720163
0.01812670971858697,0.745723872657337,0.32707745
0.01812670971858697,0.7458057124150913,0.32705826
0.018156251292443856,0.7458057124150913,0.3269468
0.018156251292443856,0.7459693919305999,0.32685512
0.01816806792198661,0.7459693919305999,0.32682467
0.01816806792198661,0.7462149112038629,0.32662827
0.0181976094958435,0.7462149112038629,0.32640457
0.0181976094958435,0.7463785907193715,0.32634383
0.01822124275492901,0.7463785907193715,0.32600567
0.01822124275492901,0.7465422702348801,0.32599434
0.018233059384471766,0.7465422702348801,0.32593748
0.018233059384471766,0.7467059497503887,0.32590964
0.018238967699243144,0.7467059497503887,0.3258484
0.018238967699243144,0.7467877895081431,0.3258379
0.018262600958328656,0.7467877895081431,0.3256481
0.018262600958328656,0.7469514690236517,0.32559443
0.018268509273100034,0.7469514690236517,0.32558218
0.018268509273100034,0.7471151485391603,0.3253799
0.01828623421741417,0.7471151485391603,0.32516953
0.01828623421741417,0.7472788280546689,0.32509172
0.0183039591617283,0.7472788280546689,0.3249806
0.0183039591617283,0.7473606678124233,0.32493216
0.018321684106042433,0.7473606678124233,0.3249179
0.018321684106042433,0.7474425075701776,0.32485238
0.01832759242081381,0.7474425075701776,0.32479307
0.01832759242081381,0.7476061870856863,0.32478753
0.01833350073558519,0.7476061870856863,0.32463327
0.01833350073558519,0.7480153858744578,0.32446155
0.018345317365127945,0.7480153858744578,0.32443035
0.018345317365127945,0.7480972256322121,0.32431012
0.018351225679899323,0.7480972256322121,0.32427743
0.018351225679899323,0.7481790653899665,0.3242011
0.018368950624213457,0.7481790653899665,0.32407734
0.018368950624213457,0.7482609051477208,0.32392138
0.01837485893898483,0.7482609051477208,0.32390198
0.01837485893898483,0.7485064244209837,0.32387364
0.01838076725375621,0.7485064244209837,0.32385767
0.01838076725375621,0.7486701039364924,0.32382676
0.018386675568527588,0.7486701039364924,0.3236812
0.018386675568527588,0.7487519436942467,0.32362288
0.018398492198070344,0.7487519436942467,0.32346195
0.018398492198070344,0.7491611424830182,0.3230387
0.018416217142384478,0.7491611424830182,0.3228266
0.018416217142384478,0.7493248219985269,0.32277396
0.018433942086698612,0.7493248219985269,0.32259735
0.018433942086698612,0.7494066617562812,0.32256472
0.018445758716241368,0.7494066617562812,0.32228112
0.018445758716241368,0.7495703412717898,0.3222022
0.0184634836605555,0.7495703412717898,0.3221173
0.0184634836605555,0.7496521810295441,0.322089
0.018475300290098255,0.7496521810295441,0.3220442
0.018475300290098255,0.7497340207872984,0.32200024
0.01848711691964101,0.7497340207872984,0.32194227
0.01848711691964101,0.7499795400605614,0.32183188
0.018504841863955145,0.7499795400605614,0.32168487
0.018504841863955145,0.7500613798183158,0.321644
0.01852256680826928,0.7500613798183158,0.32150248
0.01852256680826928,0.7502250593338243,0.32126752
0.018552108382126165,0.7502250593338243,0.3209902
0.018552108382126165,0.7504705786070873,0.32086962
0.018558016696897543,0.7504705786070873,0.32084072
0.018558016696897543,0.7505524183648417,0.32082167
0.0185698333264403,0.7505524183648417,0.3207792
0.0185698333264403,0.7507160978803503,0.3207484
0.018581649955983055,0.7507160978803503,0.3206939
0.018581649955983055,0.7508797773958589,0.3206061
0.018587558270754433,0.7508797773958589,0.3205731
0.018587558270754433,0.7510434569113675,0.3204182
0.01859937490029719,0.7510434569113675,0.32029846
0.01859937490029719,0.7511252966691219,0.3202692
0.018605283215068567,0.7511252966691219,0.32026502
0.018605283215068567,0.7512071364268762,0.32021078
0.01861709984461132,0.7512071364268762,0.3200818
0.01861709984461132,0.7512889761846305,0.32005483
0.018623008159382698,0.7512889761846305,0.3200526
0.018623008159382698,0.7513708159423849,0.3200332
0.018634824788925454,0.7513708159423849,0.32001266
0.018634824788925454,0.7514526557001391,0.31998324
0.018640733103696832,0.7514526557001391,0.31997415
0.018640733103696832,0.7515344954578934,0.3199649
0.01864664141846821,0.7515344954578934,0.31988433
0.01864664141846821,0.7516163352156477,0.31985348
0.018652549733239588,0.7516163352156477,0.31976733
0.018652549733239588,0.7517800147311564,0.3197591
0.018658458048010966,0.7517800147311564,0.3197322
0.018658458048010966,0.7518618544889107,0.31970233
0.018664366362782344,0.7518618544889107,0.31968704
0.018664366362782344,0.7520255340044193,0.31946042
0.018670274677553722,0.7520255340044193,0.31938392
0.018670274677553722,0.752189213519928,0.31919172
0.018682091307096478,0.752189213519928,0.31913778
0.018682091307096478,0.7523528930354366,0.3190172
0.018687999621867856,0.7523528930354366,0.31878796
0.018687999621867856,0.752434732793191,0.31874114
0.018711632880953365,0.752434732793191,0.31866655
0.018711632880953365,0.7525165725509453,0.3186391
0.01875299108435301,0.7525165725509453,0.31808192
0.01875299108435301,0.7525984123086996,0.3180278
0.018764807713895767,0.7525984123086996,0.3180039
0.018764807713895767,0.7527620918242082,0.31783313
0.018782532658209897,0.7527620918242082,0.31774133
0.018782532658209897,0.7528439315819625,0.3176772
0.018788440972981275,0.7528439315819625,0.31762305
0.018788440972981275,0.7529257713397168,0.3176182
0.018817982546838165,0.7529257713397168,0.31728247
0.018817982546838165,0.7530076110974712,0.3172801
0.0188357074911523,0.7530076110974712,0.31719902
0.0188357074911523,0.7530894508552255,0.3171553
0.018841615805923678,0.7530894508552255,0.31712836
0.018841615805923678,0.7531712906129798,0.317112
0.018847524120695056,0.7531712906129798,0.31705007
0.018847524120695056,0.753253130370734,0.31702062
0.018853432435466434,0.753253130370734,0.31701654
0.018853432435466434,0.7534168098862427,0.31694308
0.018859340750237808,0.7534168098862427,0.3169156
0.018859340750237808,0.753498649643997,0.31688222
0.018865249065009186,0.753498649643997,0.3167724
0.018865249065009186,0.7535804894017514,0.31675687
0.018877065694551942,0.7535804894017514,0.31638414
0.018877065694551942,0.7536623291595057,0.31638217
0.018888882324094698,0.7536623291595057,0.3163334
0.018888882324094698,0.7539078484327686,0.3161178
0.01891251558318021,0.7539078484327686,0.3158806
0.01891251558318021,0.7541533677060316,0.3157031
0.018924332212722966,0.7541533677060316,0.31562373
0.018924332212722966,0.7542352074637859,0.31557375
0.018947965471808475,0.7542352074637859,0.31539515
0.018947965471808475,0.7543988869792946,0.31529656
0.018971598730893987,0.7543988869792946,0.31512907
0.018971598730893987,0.7545625664948031,0.3149685
0.018977507045665365,0.7545625664948031,0.31493494
0.018977507045665365,0.7547262460103118,0.3148711
0.0189952319899795,0.7547262460103118,0.3146488
0.0189952319899795,0.7548899255258205,0.31446645
0.019007048619522255,0.7548899255258205,0.31423062
0.019007048619522255,0.7549717652835748,0.31422454
0.019024773563836386,0.7549717652835748,0.31400093
0.019024773563836386,0.7550536050413291,0.31399983
0.019030681878607764,0.7550536050413291,0.3137161
0.019030681878607764,0.7551354447990833,0.31340918
0.019054315137693276,0.7551354447990833,0.31324053
0.019054315137693276,0.755299124314592,0.31311586
0.019077948396778788,0.755299124314592,0.31292462
0.019077948396778788,0.7556264833456093,0.31281415
0.019083856711550166,0.7556264833456093,0.3126423
0.019083856711550166,0.7557083231033637,0.3126066
0.019095673341092922,0.7557083231033637,0.3125451
0.019095673341092922,0.7560356821343809,0.31229207
0.019101581655864296,0.7560356821343809,0.31222227
0.019101581655864296,0.7561175218921352,0.31218642
0.01911930660017843,0.7561175218921352,0.3118799
0.01911930660017843,0.7562812014076439,0.3118586
0.019131123229721186,0.7562812014076439,0.31174126
0.019131123229721186,0.7564448809231524,0.31168583
0.019142939859263942,0.7564448809231524,0.31164056
0.019142939859263942,0.7565267206809068,0.31162813
0.01914884817403532,0.7565267206809068,0.31160304
0.01914884817403532,0.7566085604386611,0.31156343
0.0191547564888067,0.7566085604386611,0.31153336
0.0191547564888067,0.7566904001964154,0.31152466
0.019166573118349454,0.7566904001964154,0.31149343
0.019166573118349454,0.7568540797119241,0.31123495
0.019172481433120833,0.7568540797119241,0.31120533
0.019172481433120833,0.7569359194696784,0.31117973
0.01919611469220634,0.7569359194696784,0.31084406
0.01919611469220634,0.7570177592274326,0.31077945
0.01920202300697772,0.7570177592274326,0.31076905
0.01920202300697772,0.7571814387429413,0.31047237
0.019207931321749097,0.7571814387429413,0.31040633
0.019207931321749097,0.75734511825845,0.3103502
0.019219747951291853,0.75734511825845,0.31020418
0.019219747951291853,0.7576724772894672,0.30985832
0.01922565626606323,0.7576724772894672,0.30982283
0.01922565626606323,0.7577543170472215,0.30981636
0.019249289525148743,0.7577543170472215,0.30972943
0.019249289525148743,0.7578361568049758,0.30972126
0.01925519783992012,0.7578361568049758,0.3096565
0.01925519783992012,0.7579179965627302,0.30962065
0.019272922784234252,0.7579179965627302,0.30954787
0.019272922784234252,0.7579998363204845,0.30950937
0.019284739413777008,0.7579998363204845,0.3094339
0.019284739413777008,0.7581635158359932,0.30938968
0.019296556043319764,0.7581635158359932,0.3093178
0.019296556043319764,0.7582453555937474,0.30928203
0.019302464358091142,0.7582453555937474,0.30923077
0.019302464358091142,0.7583271953515017,0.30919692
0.019314280987633898,0.7583271953515017,0.30912897
0.019314280987633898,0.7584908748670104,0.3089925
0.019320189302405276,0.7584908748670104,0.30897447
0.019320189302405276,0.7588182338980277,0.30879447
0.019337914246719407,0.7588182338980277,0.30869
0.019337914246719407,0.7589819134135363,0.30863124
0.019343822561490785,0.7589819134135363,0.30863085
0.019343822561490785,0.7590637531712906,0.30860525
0.019349730876262163,0.7590637531712906,0.3084
0.019349730876262163,0.7591455929290449,0.3083637
0.019373364135347675,0.7591455929290449,0.30815142
0.019373364135347675,0.7593092724445536,0.3079855
0.019379272450119053,0.7593092724445536,0.30796358
0.019379272450119053,0.7593911122023079,0.3079568
0.019408814023975943,0.7593911122023079,0.3077678
0.019408814023975943,0.7594729519600621,0.3077617
0.019420630653518695,0.7594729519600621,0.30764145
0.019420630653518695,0.7595547917178165,0.30759713
0.01943244728306145,0.7595547917178165,0.30740997
0.01943244728306145,0.7596366314755708,0.307309
0.019444263912604207,0.7596366314755708,0.30724028
0.019444263912604207,0.7597184712333251,0.30723104
0.019538796948946252,0.7597184712333251,0.3063938
0.019538796948946252,0.7598821507488338,0.30628616
0.01954470526371763,0.7598821507488338,0.306213
0.01954470526371763,0.760209509779851,0.30593523
0.019550613578489008,0.760209509779851,0.30584785
0.019550613578489008,0.7605368688108683,0.30568984
0.019556521893260386,0.7605368688108683,0.30566606
0.019556521893260386,0.7607005483263769,0.3054589
0.01957424683757452,0.7607005483263769,0.30529603
0.01957424683757452,0.7608642278418856,0.3052752
0.019580155152345895,0.7608642278418856,0.3052312
0.019580155152345895,0.7609460675996399,0.3050926
0.019586063467117273,0.7609460675996399,0.30488715
0.019586063467117273,0.7612734266306572,0.3046305
0.01959197178188865,0.7612734266306572,0.30459547
0.01959197178188865,0.7613552663884114,0.30452213
0.019603788411431407,0.7613552663884114,0.30446398
0.019603788411431407,0.7616007856616744,0.30441517
0.019609696726202785,0.7616007856616744,0.3042852
0.019609696726202785,0.7616826254194288,0.30410412
0.01962742167051692,0.7616826254194288,0.30396366
0.01962742167051692,0.7617644651771831,0.3039383
0.019680596503459317,0.7617644651771831,0.30330342
0.019680596503459317,0.7619281446926917,0.30320325
0.019692413133002074,0.7619281446926917,0.3030904
0.019692413133002074,0.7621736639659547,0.30294472
0.01969832144777345,0.7621736639659547,0.3029034
0.01969832144777345,0.762255503723709,0.30287582
0.019716046392087586,0.762255503723709,0.3027728
0.019716046392087586,0.7623373434814633,0.3027294
0.019721954706858964,0.7623373434814633,0.3026379
0.019721954706858964,0.7624191832392176,0.30256388
0.01972786302163034,0.7624191832392176,0.30254707
0.01972786302163034,0.7625828627547262,0.3025136
0.01975149628071585,0.7625828627547262,0.302367
0.01975149628071585,0.7626647025124805,0.30226287
0.019757404595487228,0.7626647025124805,0.30223897
0.019757404595487228,0.7627465422702349,0.30220342
0.019763312910258606,0.7627465422702349,0.30212837
0.019763312910258606,0.7629102217857435,0.30207992
0.019775129539801362,0.7629102217857435,0.30200648
0.019775129539801362,0.7630739013012522,0.30192506
0.01978103785457274,0.7630739013012522,0.30191305
0.01978103785457274,0.7634012603322694,0.30168784
0.01978694616934412,0.7634012603322694,0.30164003
0.01978694616934412,0.7634831000900237,0.3015511
0.01982830437274376,0.7634831000900237,0.30119902
0.01982830437274376,0.7635649398477781,0.30112877
0.01983421268751514,0.7635649398477781,0.30111086
0.01983421268751514,0.7636467796055324,0.3009273
0.019840121002286517,0.7636467796055324,0.3007491
0.019840121002286517,0.7637286193632867,0.30073956
0.019846029317057895,0.7637286193632867,0.30065015
0.019846029317057895,0.763810459121041,0.30058596
0.019851937631829273,0.763810459121041,0.3005662
0.019851937631829273,0.7641378181520583,0.30041334
0.019899204150000297,0.7641378181520583,0.2998551
0.019899204150000297,0.7642196579098126,0.2998094
0.01990511246477167,0.7642196579098126,0.29975143
0.01990511246477167,0.7643833374253213,0.29973716
0.019916929094314428,0.7643833374253213,0.299636
0.019916929094314428,0.7645470169408298,0.2994097
0.019958287297714074,0.7645470169408298,0.29915065
0.019958287297714074,0.7647106964563385,0.2991161
0.019964195612485452,0.7647106964563385,0.29903603
0.019964195612485452,0.7647925362140928,0.29901478
0.019999645501113716,0.7647925362140928,0.29846448
0.019999645501113716,0.7648743759718472,0.29840145
0.020011462130656472,0.7648743759718472,0.29833874
0.020011462130656472,0.7649562157296015,0.2982272
0.020035095389741985,0.7649562157296015,0.29796752
0.020035095389741985,0.7650380554873557,0.2979642
0.020041003704513363,0.7650380554873557,0.29793796
0.020041003704513363,0.765365414518373,0.29774818
0.02005282033405612,0.765365414518373,0.29766762
0.02005282033405612,0.765610933791636,0.29749146
0.02006463696359887,0.765610933791636,0.29744154
0.02006463696359887,0.7656927735493902,0.29729095
0.020076453593141627,0.7656927735493902,0.29705602
0.020076453593141627,0.7658564530648989,0.2970164
0.02012372011131265,0.7658564530648989,0.29673618
0.02012372011131265,0.7659382928226532,0.29671007
0.020135536740855407,0.7659382928226532,0.2966698
0.020135536740855407,0.7660201325804076,0.29657567
0.020141445055626785,0.7660201325804076,0.29655254
0.020141445055626785,0.7661019723381619,0.29648143
0.02017689494425505,0.7661019723381619,0.29629114
0.02017689494425505,0.7665111711269335,0.29603538
0.020188711573797806,0.7665111711269335,0.29595628
0.020188711573797806,0.7666748506424421,0.2957324
0.020194619888569184,0.7666748506424421,0.29571125
0.020194619888569184,0.7667566904001965,0.29555506
0.020212344832883318,0.7667566904001965,0.2951871
0.020212344832883318,0.766920369915705,0.29513896
0.020218253147654696,0.766920369915705,0.2951089
0.020218253147654696,0.7670840494312137,0.29506516
0.020241886406740205,0.7670840494312137,0.2949601
0.020241886406740205,0.767165889188968,0.29492813
0.02025961135105434,0.767165889188968,0.29485688
0.02025961135105434,0.7672477289467223,0.2948461
0.020265519665825717,0.7672477289467223,0.29484084
0.020265519665825717,0.7673295687044767,0.2947986
0.020271427980597095,0.7673295687044767,0.2947814
0.020271427980597095,0.767411408462231,0.2947659
0.020277336295368473,0.767411408462231,0.29473692
0.020277336295368473,0.7677387674932482,0.29452616
0.020295061239682607,0.7677387674932482,0.2940968
0.020295061239682607,0.7678206072510025,0.29409674
0.020312786183996737,0.7678206072510025,0.2940114
0.020312786183996737,0.7681479662820198,0.29377052
0.02033641944308225,0.7681479662820198,0.293692
0.02033641944308225,0.7683116457975284,0.29362002
0.020354144387396383,0.7683116457975284,0.29353952
0.020354144387396383,0.7684753253130371,0.29346398
0.02036005270216776,0.7684753253130371,0.2934334
0.02036005270216776,0.7685571650707914,0.2934238
0.020371869331710517,0.7685571650707914,0.2933666
0.020371869331710517,0.7686390048285457,0.2932321
0.02038368596125327,0.7686390048285457,0.2931539
0.02038368596125327,0.7688026843440543,0.29302526
0.020395502590796026,0.7688026843440543,0.29288486
0.020395502590796026,0.768966363859563,0.29281613
0.020401410905567404,0.768966363859563,0.2927669
0.020401410905567404,0.7690482036173173,0.29275712
0.020407319220338782,0.7690482036173173,0.29270586
0.020407319220338782,0.7691300433750716,0.29267657
0.02041322753511016,0.7691300433750716,0.2926741
0.02041322753511016,0.769211883132826,0.29263183
0.020419135849881538,0.769211883132826,0.29261622
0.020419135849881538,0.7692937228905803,0.29261437
0.020425044164652916,0.7692937228905803,0.29258317
0.020425044164652916,0.7694574024060888,0.29256684
0.020430952479424294,0.7694574024060888,0.29254803
0.020430952479424294,0.7695392421638432,0.29235202
0.020484127312366693,0.7695392421638432,0.2918656
0.020484127312366693,0.7696210819215975,0.29185736
0.020507760571452205,0.7696210819215975,0.29160073
0.020507760571452205,0.7697847614371062,0.29151174
0.02052548551576634,0.7697847614371062,0.29127792
0.02052548551576634,0.7698666011948605,0.29126295
0.020537302145309095,0.7698666011948605,0.29112518
0.020537302145309095,0.7699484409526148,0.29111663
0.020549118774851848,0.7699484409526148,0.29100612
0.020549118774851848,0.770030280710369,0.29093364
0.02056684371916598,0.770030280710369,0.2907587
0.02056684371916598,0.7703576397413864,0.29062417
0.020578660348708738,0.7703576397413864,0.29038072
0.020578660348708738,0.7708486782879123,0.28985462
0.020590476978251494,0.7708486782879123,0.28974056
0.020590476978251494,0.7709305180456666,0.28969246
0.02059638529302287,0.7709305180456666,0.28962618
0.02059638529302287,0.7710123578034209,0.28952983
0.020608201922565628,0.7710123578034209,0.2894299
0.020608201922565628,0.7710941975611753,0.28941858
0.020625926866879758,0.7710941975611753,0.28925645
0.020625926866879758,0.7711760373189296,0.28924575
0.020637743496422514,0.7711760373189296,0.28905594
0.020637743496422514,0.7712578770766838,0.2890313
0.02064956012596527,0.7712578770766838,0.28894332
0.02064956012596527,0.7715033963499468,0.28878948
0.020667285070279404,0.7715033963499468,0.2886251
0.020667285070279404,0.7715852361077011,0.28854978
0.020673193385050782,0.7715852361077011,0.28852984
0.020673193385050782,0.7717489156232098,0.28846833
0.020690918329364916,0.7717489156232098,0.28834316
0.020690918329364916,0.7719944348964727,0.28828067
0.020708643273679047,0.7719944348964727,0.28816852
0.020708643273679047,0.772076274654227,0.28811678
0.02073227653276456,0.772076274654227,0.287999
0.02073227653276456,0.7721581144119813,0.2879969
0.020750001477078693,0.7721581144119813,0.28780156
0.020750001477078693,0.77232179392749,0.2877529
0.02075590979185007,0.77232179392749,0.28774363
0.02075590979185007,0.7724854734429986,0.2876291
0.020785451365706958,0.7724854734429986,0.28751346
0.020785451365706958,0.7725673132007529,0.28744406
0.020791359680478336,0.7725673132007529,0.28740764
0.020791359680478336,0.7727309927162616,0.2871907
0.020803176310021092,0.7727309927162616,0.28709945
0.020803176310021092,0.7728128324740159,0.28706834
0.020832717883877982,0.7728128324740159,0.28687462
0.020832717883877982,0.7730583517472789,0.2868188
0.02083862619864936,0.7730583517472789,0.28677434
0.02083862619864936,0.7732220312627874,0.2867504
0.020844534513420738,0.7732220312627874,0.28674662
0.020844534513420738,0.7733038710205418,0.2866789
0.020850442828192116,0.7733038710205418,0.28667417
0.020850442828192116,0.7735493902938048,0.2864043
0.020856351142963494,0.7735493902938048,0.28626165
0.020856351142963494,0.7736312300515591,0.28621933
0.02091543429067727,0.7736312300515591,0.2855351
0.02091543429067727,0.7737130698093133,0.2855323
0.020933159234991405,0.7737130698093133,0.28547096
0.020933159234991405,0.7737949095670676,0.28538737
0.020939067549762783,0.7737949095670676,0.28531107
0.020939067549762783,0.7739585890825763,0.2852955
0.02094497586453416,0.7739585890825763,0.28525984
0.02094497586453416,0.774122268598085,0.2852379
0.020986334067933803,0.774122268598085,0.28481254
0.020986334067933803,0.7742041083558393,0.28472173
0.02104541721564758,0.7742041083558393,0.2842781
0.02104541721564758,0.7744496276291022,0.28420845
0.02107495878950447,0.7744496276291022,0.2840871
0.02107495878950447,0.7746133071446109,0.28400975
0.021080867104275848,0.7746133071446109,0.28390646
0.021080867104275848,0.7747769866601195,0.28384897
0.02110450036336136,0.7747769866601195,0.28360203
0.02110450036336136,0.7749406661756281,0.2835123
0.021110408678132735,0.7749406661756281,0.2834788
0.021110408678132735,0.7751043456911367,0.28345066
0.021116316992904113,0.7751043456911367,0.28336155
0.021116316992904113,0.7751861854488911,0.28334227
0.02112813362244687,0.7751861854488911,0.28326082
0.02112813362244687,0.7753498649643997,0.28323677
0.021145858566761003,0.7753498649643997,0.28315115
0.021145858566761003,0.7755135444799084,0.28302562
0.02115767519630376,0.7755135444799084,0.28299603
0.02115767519630376,0.7755953842376626,0.28299552
0.0211990333997034,0.7755953842376626,0.28265554
0.0211990333997034,0.7756772239954169,0.28262874
0.021210850029246157,0.7756772239954169,0.2825935
0.021210850029246157,0.7758409035109256,0.28258318
0.021240391603103047,0.7758409035109256,0.28238824
0.021240391603103047,0.7759227432686799,0.2822899
0.021275841491731312,0.7759227432686799,0.28209227
0.021275841491731312,0.7760045830264343,0.28209177
0.021352649583759223,0.7760045830264343,0.28145143
0.021352649583759223,0.7760864227841886,0.28142953
0.0213585578985306,0.7760864227841886,0.28141296
0.0213585578985306,0.7761682625419428,0.28129375
0.021370374528073357,0.7761682625419428,0.2811646
0.021370374528073357,0.7763319420574515,0.281141
0.02139400778715887,0.7763319420574515,0.2809507
0.02139400778715887,0.7764956215729601,0.2809301
0.021399916101930247,0.7764956215729601,0.28056747
0.021399916101930247,0.7765774613307145,0.28056717
0.02143536599055851,0.7765774613307145,0.280414
0.02143536599055851,0.7767411408462231,0.28027722
0.021488540823500914,0.7767411408462231,0.27993375
0.021488540823500914,0.7768229806039774,0.27992377
0.021541715656443312,0.7768229806039774,0.2796197
0.021541715656443312,0.776986660119486,0.2795681
0.02155353228598607,0.776986660119486,0.27954704
0.02155353228598607,0.7771503396349947,0.27952877
0.021606707118928467,0.7771503396349947,0.27925637
0.021606707118928467,0.777232179392749,0.2792486
0.02165397363709949,0.777232179392749,0.2790093
0.02165397363709949,0.7773140191505034,0.27892715
0.02165988195187087,0.7773140191505034,0.27890787
0.02165988195187087,0.7775595384237662,0.27882314
0.021695331840499134,0.7775595384237662,0.27855176
0.021695331840499134,0.7778050576970292,0.27832562
0.021718965099584646,0.7778050576970292,0.2782949
0.021718965099584646,0.7778868974547836,0.2781573
0.021724873414356024,0.7778868974547836,0.27811205
0.021724873414356024,0.7779687372125379,0.27808976
0.02173669004389878,0.7779687372125379,0.27800047
0.02173669004389878,0.7781324167280464,0.27792642
0.021772139932527045,0.7781324167280464,0.27743292
0.021772139932527045,0.7782142564858008,0.27735683
0.021801681506383935,0.7782142564858008,0.27721065
0.021801681506383935,0.7782960962435551,0.27718222
0.02181349813592669,0.7782960962435551,0.27691543
0.02181349813592669,0.7783779360013094,0.27689323
0.02183122308024082,0.7783779360013094,0.27683577
0.02183122308024082,0.7784597757590638,0.27681774
0.02186667296886909,0.7784597757590638,0.27627385
0.02186667296886909,0.7786234552745724,0.2762097
0.021878489598411845,0.7786234552745724,0.2760644
0.021878489598411845,0.7787052950323267,0.27605256
0.021884397913183223,0.7787052950323267,0.27604496
0.021884397913183223,0.7789508143055897,0.2759507
0.02189621454272598,0.7789508143055897,0.27585262
0.02189621454272598,0.779032654063344,0.27583516
0.021919847801811488,0.779032654063344,0.27570903
0.021919847801811488,0.7791144938210983,0.27566174
0.021925756116582866,0.7791144938210983,0.27556843
0.021925756116582866,0.7791963335788527,0.27555108
0.021943481060897,0.7791963335788527,0.2754995
0.021943481060897,0.7792781733366069,0.2754913
0.021955297690439756,0.7792781733366069,0.27537614
0.021955297690439756,0.7793600130943612,0.2753687
0.021961206005211134,0.7793600130943612,0.27528825
0.021961206005211134,0.7794418528521155,0.27526373
0.021967114319982512,0.7794418528521155,0.27523813
0.021967114319982512,0.7795236926098699,0.27520552
0.021978930949525268,0.7795236926098699,0.27517083
0.021978930949525268,0.7796873721253785,0.2750372
0.021990747579068024,0.7796873721253785,0.27490482
0.021990747579068024,0.7797692118831329,0.27482727
0.02202028915292491,0.7797692118831329,0.2746026
0.02202028915292491,0.7798510516408872,0.27460244
0.0220498307267818,0.7798510516408872,0.27448708
0.0220498307267818,0.7799328913986414,0.27441233
0.02205573904155318,0.7799328913986414,0.27418837
0.02205573904155318,0.7800147311563957,0.27417642
0.02209709724495282,0.7800147311563957,0.27375525
0.02209709724495282,0.7801784106719044,0.2736543
0.0221030055597242,0.7801784106719044,0.27351028
0.0221030055597242,0.7802602504296587,0.27344054
0.022114822189266956,0.7802602504296587,0.2733194
0.022114822189266956,0.7804239299451674,0.27322572
0.02213254713358109,0.7804239299451674,0.2731039
0.02213254713358109,0.7805057697029216,0.2730346
0.022138455448352468,0.7805057697029216,0.27300087
0.022138455448352468,0.780587609460676,0.27299216
0.022162088707437976,0.780587609460676,0.27272004
0.022162088707437976,0.7806694492184303,0.27269235
0.022173905336980732,0.7806694492184303,0.27255785
0.022173905336980732,0.7807512889761846,0.2725064
0.022197538596066244,0.7807512889761846,0.27244902
0.022197538596066244,0.780833128733939,0.27243093
0.02223298848469451,0.780833128733939,0.2721189
0.02223298848469451,0.7809149684916933,0.27207896
0.022238896799465887,0.7809149684916933,0.2720496
0.022238896799465887,0.7809968082494476,0.27194685
0.02225662174378002,0.7809968082494476,0.27180478
0.02225662174378002,0.781078648007202,0.27179918
0.022274346688094155,0.781078648007202,0.2716355
0.022274346688094155,0.7813241672804648,0.27148178
0.022280255002865533,0.7813241672804648,0.2713945
0.022280255002865533,0.7814060070382192,0.2713623
0.022303888261951045,0.7814060070382192,0.27114803
0.022303888261951045,0.7814878467959735,0.27108186
0.022309796576722423,0.7814878467959735,0.27106234
0.022309796576722423,0.7816515263114822,0.2708334
0.022327521521036554,0.7816515263114822,0.27065322
0.022327521521036554,0.7817333660692365,0.27058417
0.022351154780122066,0.7817333660692365,0.27031913
0.022351154780122066,0.7818152058269907,0.2703138
0.022357063094893444,0.7818152058269907,0.270281
0.022357063094893444,0.7819788853424994,0.27014866
0.022380696353978956,0.7819788853424994,0.26981017
0.022380696353978956,0.782142564858008,0.26969364
0.022386604668750334,0.782142564858008,0.2695602
0.022386604668750334,0.7822244046157624,0.26950607
0.022398421298293086,0.7822244046157624,0.26928678
0.022398421298293086,0.7823062443735167,0.2692349
0.022457504446006867,0.7823062443735167,0.26857373
0.022457504446006867,0.7823880841312709,0.26855418
0.022469321075549623,0.7823880841312709,0.2685306
0.022469321075549623,0.7824699238890253,0.26850152
0.022481137705092375,0.7824699238890253,0.26835307
0.022481137705092375,0.7825517636467796,0.2683234
0.022487046019863753,0.7825517636467796,0.2683147
0.022487046019863753,0.7827972829200426,0.26823792
0.022510679278949265,0.7827972829200426,0.2681201
0.022510679278949265,0.7828791226777969,0.26808712
0.0225284042232634,0.7828791226777969,0.26801655
0.0225284042232634,0.7829609624355512,0.26800743
0.022534312538034777,0.7829609624355512,0.2680069
0.022534312538034777,0.7830428021933055,0.26798454
0.022546129167577533,0.7830428021933055,0.26791605
0.022546129167577533,0.7831246419510598,0.26789558
0.022587487370977176,0.7831246419510598,0.26769802
0.022587487370977176,0.7832883214665685,0.26766896
0.022599304000519932,0.7832883214665685,0.26761782
0.022599304000519932,0.7833701612243228,0.2675194
0.022622937259605444,0.7833701612243228,0.26712927
0.022622937259605444,0.7834520009820771,0.26709485
0.0226879287220906,0.7834520009820771,0.2666359
0.0226879287220906,0.78369752025534,0.2664078
0.02272928692549024,0.78369752025534,0.26607028
0.02272928692549024,0.7838611997708487,0.26589012
0.02276473681411851,0.7838611997708487,0.26545966
0.02276473681411851,0.7840248792863573,0.26537204
0.022770645128889887,0.7840248792863573,0.26536244
0.022770645128889887,0.7842703985596202,0.26525664
0.022776553443661265,0.7842703985596202,0.26519614
0.022776553443661265,0.7843522383173746,0.26517054
0.0227942783879754,0.7843522383173746,0.26514515
0.0227942783879754,0.7845159178328832,0.26503357
0.022800186702746774,0.7845159178328832,0.26500905
0.022800186702746774,0.7845977575906375,0.2648902
0.022806095017518152,0.7845977575906375,0.2647559
0.022806095017518152,0.7847614371061462,0.26462954
0.022823819961832286,0.7847614371061462,0.26460165
0.022823819961832286,0.7849251166216548,0.2645762
0.022865178165231932,0.7849251166216548,0.2640532
0.022865178165231932,0.7850887961371634,0.26387885
0.022912444683402953,0.7850887961371634,0.26354876
0.022912444683402953,0.7851706358949178,0.26353425
0.02294789457203122,0.7851706358949178,0.2634134
0.02294789457203122,0.7852524756526721,0.2633927
0.022959711201573973,0.7852524756526721,0.2631426
0.022959711201573973,0.7853343154104264,0.2631325
0.023012886034516376,0.7853343154104264,0.26235214
0.023012886034516376,0.7854161551681808,0.26229733
0.023036519293601884,0.7854161551681808,0.2622099
0.023036519293601884,0.785497994925935,0.2621753
0.02304833592314464,0.785497994925935,0.2621697
0.02304833592314464,0.7855798346836893,0.2621153
0.02307787749700153,0.7855798346836893,0.2619665
0.02307787749700153,0.785743514199198,0.2618946
0.023089694126544286,0.785743514199198,0.26186773
0.023089694126544286,0.7859071937147066,0.261805
0.023095602441315664,0.7859071937147066,0.26172566
0.023095602441315664,0.785989033472461,0.2617133
0.023119235700401173,0.785989033472461,0.26161197
0.023119235700401173,0.7860708732302152,0.2615832
0.02312514401517255,0.7860708732302152,0.26149628
0.02312514401517255,0.7861527129879695,0.2614387
0.02316059390380082,0.7861527129879695,0.26121926
0.02316059390380082,0.7862345527457238,0.26118195
0.023213768736743218,0.7862345527457238,0.260855
0.023213768736743218,0.7863163925034782,0.26083928
0.02323740199582873,0.7863163925034782,0.2607074
0.02323740199582873,0.7864800720189868,0.26054206
0.023261035254914242,0.7864800720189868,0.26044065
0.023261035254914242,0.7865619117767412,0.26043764
0.02326694356968562,0.7865619117767412,0.26042646
0.02326694356968562,0.7866437515344955,0.26040733
0.02328466851399975,0.7866437515344955,0.26027456
0.02328466851399975,0.7867255912922497,0.260255
0.023302393458313884,0.7867255912922497,0.26016858
0.023302393458313884,0.7869711105655127,0.2600456
0.023308301773085262,0.7869711105655127,0.25999165
0.023308301773085262,0.787052950323267,0.25991213
0.023326026717399397,0.787052950323267,0.25963163
0.023326026717399397,0.7871347900810214,0.25961888
0.023331935032170775,0.7871347900810214,0.25961328
0.023331935032170775,0.78729846959653,0.25930747
0.02334375166171353,0.78729846959653,0.2592337
0.02334375166171353,0.7874621491120386,0.25913554
0.023373293235570417,0.7874621491120386,0.25891566
0.023373293235570417,0.7875439888697929,0.2588833
0.02339692649465593,0.7875439888697929,0.25881898
0.02339692649465593,0.7876258286275473,0.25881624
0.023450101327598328,0.7876258286275473,0.25841537
0.023450101327598328,0.7877076683853016,0.25833517
0.023456009642369706,0.7877076683853016,0.25824326
0.023456009642369706,0.7878713479008103,0.2582304
0.023479642901455218,0.7878713479008103,0.25795427
0.023479642901455218,0.7879531876585645,0.25790864
0.02352100110485486,0.7879531876585645,0.2576286
0.02352100110485486,0.7880350274163188,0.25762016
0.023532817734397617,0.7880350274163188,0.2575896
0.023532817734397617,0.7881168671740731,0.25758743
0.023574175937797263,0.7881168671740731,0.25740957
0.023574175937797263,0.7881987069318275,0.2573899
0.02358008425256864,0.7881987069318275,0.25731227
0.02358008425256864,0.7882805466895818,0.25729245
0.023597809196882775,0.7882805466895818,0.2572033
0.023597809196882775,0.7883623864473361,0.25717583
0.023621442455968283,0.7883623864473361,0.25696367
0.023621442455968283,0.7884442262050905,0.25693977
0.02366280065936793,0.7884442262050905,0.2567738
0.02366280065936793,0.7885260659628448,0.25667936
0.023668708974139308,0.7885260659628448,0.2566007
0.023668708974139308,0.788607905720599,0.2565068
0.02368052560368206,0.788607905720599,0.2562396
0.02368052560368206,0.7886897454783534,0.25622472
0.023686433918453438,0.7886897454783534,0.2562232
0.023686433918453438,0.7887715852361077,0.256206
0.023715975492310328,0.7887715852361077,0.25602362
0.023715975492310328,0.7889352647516163,0.25589558
0.023745517066167218,0.7889352647516163,0.2557487
0.023745517066167218,0.7890171045093707,0.2557387
0.02376324201048135,0.7890171045093707,0.25555205
0.02376324201048135,0.789098944267125,0.25551024
0.023780966954795483,0.789098944267125,0.25537762
0.023780966954795483,0.7891807840248792,0.25536266
0.02378687526956686,0.7891807840248792,0.25534466
0.02378687526956686,0.7892626237826336,0.25533825
0.023798691899109617,0.7892626237826336,0.255227
0.023798691899109617,0.7893444635403879,0.25518847
0.023810508528652373,0.7893444635403879,0.25512993
0.023810508528652373,0.7895081430558966,0.2551044
0.023845958417280638,0.7895081430558966,0.25488865
0.023845958417280638,0.7897536623291596,0.2547543
0.023857775046823394,0.7897536623291596,0.25472316
0.023857775046823394,0.7898355020869138,0.2546864
0.023881408305908906,0.7898355020869138,0.25442943
0.023881408305908906,0.7899173418446681,0.2544064
0.023887316620680284,0.7899173418446681,0.2543555
0.023887316620680284,0.7899991816024224,0.25433046
0.02389913325022304,0.7899991816024224,0.25402558
0.02389913325022304,0.7900810213601768,0.25389087
0.023905041564994418,0.7900810213601768,0.25388396
0.023905041564994418,0.7901628611179311,0.25385937
0.023910949879765796,0.7901628611179311,0.25383624
0.023910949879765796,0.7902447008756854,0.25382903
0.02392276650930855,0.7902447008756854,0.25367153
0.02392276650930855,0.7903265406334398,0.25363415
0.023934583138851304,0.7903265406334398,0.25358787
0.023934583138851304,0.7904902201489483,0.25349838
0.023940491453622682,0.7904902201489483,0.25346014
0.023940491453622682,0.7905720599067027,0.25345328
0.023964124712708194,0.7905720599067027,0.2532539
0.023964124712708194,0.790653899664457,0.25324625
0.023970033027479572,0.790653899664457,0.25323537
0.023970033027479572,0.7907357394222113,0.25322372
0.02398184965702233,0.7907357394222113,0.25307426
0.02398184965702233,0.7908175791799656,0.25306606
0.024011391230879215,0.7908175791799656,0.25288567
0.024011391230879215,0.79089941893772,0.25284863
0.024076382693364373,0.79089941893772,0.25242382
0.024076382693364373,0.7910630984532285,0.2522117
0.024082291008135748,0.7910630984532285,0.25212273
0.024082291008135748,0.7912267779687372,0.2520602
0.02413546584107815,0.7912267779687372,0.25184256
0.02413546584107815,0.7913086177264915,0.25176516
0.024147282470620906,0.7913086177264915,0.25171492
0.024147282470620906,0.7913904574842459,0.25168702
0.02418864067402055,0.7913904574842459,0.2514515
0.02418864067402055,0.7915541369997545,0.2513639
0.024206365618334683,0.7915541369997545,0.25117594
0.024206365618334683,0.7916359767575089,0.25114354
0.02421818224787744,0.7916359767575089,0.25094107
0.02421818224787744,0.7917178165152631,0.2509353
0.024224090562648817,0.7917178165152631,0.2508057
0.024224090562648817,0.7917996562730174,0.25077274
0.02424181550696295,0.7917996562730174,0.2506763
0.02424181550696295,0.7918814960307717,0.2506722
0.024247723821734325,0.7918814960307717,0.25062764
0.024247723821734325,0.7919633357885261,0.25052273
0.024253632136505703,0.7919633357885261,0.2505099
0.024253632136505703,0.7922088550617891,0.25039056
0.02426544876604846,0.7922088550617891,0.25025195
0.02426544876604846,0.7922906948195433,0.2502336
0.024283173710362593,0.7922906948195433,0.25017715
0.024283173710362593,0.7923725345772976,0.2501252
0.024306806969448105,0.7923725345772976,0.24989654
0.024306806969448105,0.792454374335052,0.24988535
0.024324531913762236,0.792454374335052,0.24979252
0.024324531913762236,0.7925362140928063,0.24979189
0.02434225685807637,0.7925362140928063,0.24966854
0.02434225685807637,0.7926998936083149,0.2496255
0.024354073487619126,0.7926998936083149,0.24957848
0.024354073487619126,0.7927817333660693,0.2495157
0.024365890117161882,0.7927817333660693,0.249513
0.024365890117161882,0.7929454128815778,0.24948014
0.02437179843193326,0.7929454128815778,0.24946079
0.02437179843193326,0.7930272526393322,0.24943297
0.024383615061476016,0.7930272526393322,0.24931876
0.024383615061476016,0.7931090923970865,0.24931163
0.024407248320561525,0.7931090923970865,0.24906226
0.024407248320561525,0.7931909321548408,0.24904838
0.024430881579647037,0.7931909321548408,0.24878736
0.024430881579647037,0.7932727719125952,0.24877048
0.024436789894418415,0.7932727719125952,0.24876241
0.024436789894418415,0.7933546116703495,0.24872929
0.024442698209189793,0.7933546116703495,0.24867581
0.024442698209189793,0.7934364514281038,0.24865685
0.024460423153503927,0.7934364514281038,0.2484857
0.024460423153503927,0.793518291185858,0.24844004
0.024466331468275305,0.793518291185858,0.24840973
0.024466331468275305,0.7936001309436124,0.24838161
0.024566772819388724,0.7936001309436124,0.24752949
0.024566772819388724,0.7936819707013667,0.24751185
0.02457858944893148,0.7936819707013667,0.2474466
0.02457858944893148,0.793763810459121,0.24742587
0.024631764281873882,0.793763810459121,0.24705814
0.024631764281873882,0.7938456502168754,0.2469765
0.024679030800044903,0.7938456502168754,0.24678577
0.024679030800044903,0.7939274899746297,0.2467465
0.024708572373901793,0.7939274899746297,0.24655558
0.024708572373901793,0.794009329732384,0.24653472
0.02472038900344455,0.794009329732384,0.24650435
0.02472038900344455,0.7940911694901384,0.2464148
0.024779472151158326,0.7940911694901384,0.24591053
0.024779472151158326,0.7944185285211556,0.24560772
0.024809013725015212,0.7944185285211556,0.2453927
0.024809013725015212,0.7945003682789099,0.2453548
0.02482083035455797,0.7945003682789099,0.24528567
0.02482083035455797,0.7945822080366642,0.24523088
0.024838555298872102,0.7945822080366642,0.2448524
0.024838555298872102,0.7946640477944186,0.24484302
0.02484446361364348,0.7946640477944186,0.24482433
0.02484446361364348,0.7948277273099271,0.24481761
0.02485037192841486,0.7948277273099271,0.24473736
0.02485037192841486,0.7949095670676815,0.24463505
0.024862188557957614,0.7949095670676815,0.24463302
0.024862188557957614,0.7950732465831901,0.24460346
0.024885821817043123,0.7950732465831901,0.24452017
0.024885821817043123,0.7951550863409445,0.24450521
0.02492127170567139,0.7951550863409445,0.24432996
0.02492127170567139,0.7952369260986988,0.24427228
0.025009896427242058,0.7952369260986988,0.24370852
0.025009896427242058,0.7953187658564531,0.24366641
0.025039438001098948,0.7953187658564531,0.2435445
0.025039438001098948,0.7954006056142073,0.24350844
0.025063071260184457,0.7954006056142073,0.24331723
0.025063071260184457,0.7954824453719617,0.24328515
0.02508079620449859,0.7954824453719617,0.24323277
0.02508079620449859,0.7957279646452247,0.24313737
0.02511624609312686,0.7957279646452247,0.24290332
0.02511624609312686,0.795809804402979,0.24289264
0.02513397103744099,0.795809804402979,0.24284324
0.02513397103744099,0.7958916441607333,0.24279371
0.02516351261129788,0.7958916441607333,0.24261026
0.02516351261129788,0.7960553236762419,0.24257822
0.025181237555612013,0.7960553236762419,0.24245295
0.025181237555612013,0.7961371634339962,0.24237247
0.02518714587038339,0.7961371634339962,0.2423625
0.02518714587038339,0.7963008429495049,0.24225846
0.0252107791294689,0.7963008429495049,0.24219923
0.0252107791294689,0.7963826827072592,0.24219511
0.025246229018097168,0.7963826827072592,0.24180952
0.025246229018097168,0.7965463622227679,0.24175711
0.02528758722149681,0.7965463622227679,0.24152264
0.02528758722149681,0.7966282019805221,0.241468
0.02529349553626819,0.7966282019805221,0.2414474
0.02529349553626819,0.7967100417382764,0.24144645
0.025358486998753347,0.7967100417382764,0.24109906
0.025358486998753347,0.7967918814960308,0.24100168
0.0253703036282961,0.7967918814960308,0.24090955
0.0253703036282961,0.7968737212537851,0.24088486
0.02539393688738161,0.7968737212537851,0.2406871
0.02539393688738161,0.7969555610115394,0.24061702
0.025411661831695746,0.7969555610115394,0.24045275
0.025411661831695746,0.7971192405270481,0.2402654
0.025417570146467124,0.7971192405270481,0.24025649
0.025417570146467124,0.7972010802848024,0.2402028
0.0254234784612385,0.7972010802848024,0.24018615
0.0254234784612385,0.7972829200425566,0.24017452
0.025435295090781258,0.7972829200425566,0.24001311
0.025435295090781258,0.797364759800311,0.240012
0.025453020035095388,0.797364759800311,0.23989925
0.025453020035095388,0.7975284393158196,0.239898
0.025523919812351924,0.7975284393158196,0.23925091
0.025523919812351924,0.797610279073574,0.23924977
0.02555936970098019,0.797610279073574,0.23895666
0.02555936970098019,0.7977739585890826,0.23895198
0.025606636219151213,0.7977739585890826,0.23872602
0.025606636219151213,0.7979376381045912,0.23865275
0.025612544533922588,0.7979376381045912,0.23864895
0.025612544533922588,0.7980194778623455,0.23864429
0.025618452848693966,0.7980194778623455,0.23864353
0.025618452848693966,0.7981013176200998,0.23864123
0.025642086107779478,0.7981013176200998,0.2385997
0.025642086107779478,0.7984286766511172,0.23852608
0.025671627681636368,0.7984286766511172,0.2382203
0.025671627681636368,0.7985923561666257,0.23820809
0.025689352625950502,0.7985923561666257,0.23803712
0.025689352625950502,0.79867419592438,0.23803172
0.025695260940721876,0.79867419592438,0.23793992
0.025695260940721876,0.7987560356821344,0.23793983
0.02571889419980739,0.7987560356821344,0.23775929
0.02571889419980739,0.7988378754398887,0.23775627
0.02578979397706392,0.7988378754398887,0.23740533
0.02578979397706392,0.798919715197643,0.23716812
0.02581933555092081,0.798919715197643,0.23693977
0.02581933555092081,0.7990833947131516,0.2368337
0.025837060495234945,0.7990833947131516,0.23670708
0.025837060495234945,0.7991652344709059,0.2367048
0.025919776902034234,0.7991652344709059,0.2364551
0.025919776902034234,0.7992470742286603,0.23640923
0.025925685216805612,0.7992470742286603,0.23638777
0.025925685216805612,0.7993289139864146,0.23628141
0.025937501846348365,0.7993289139864146,0.2362677
0.025937501846348365,0.7994107537441689,0.23606671
0.02594931847589112,0.7994107537441689,0.23600061
0.02594931847589112,0.7994925935019233,0.23597245
0.025961135105433877,0.7994925935019233,0.23593658
0.025961135105433877,0.7995744332596776,0.2357896
0.025996584994062145,0.7995744332596776,0.23566161
0.025996584994062145,0.7996562730174319,0.23563734
0.026020218253147653,0.7996562730174319,0.23553145
0.026020218253147653,0.7997381127751861,0.23545338
0.026043851512233165,0.7997381127751861,0.23532659
0.026043851512233165,0.7998199525329405,0.23529066
0.026067484771318677,0.7998199525329405,0.23514466
0.026067484771318677,0.7999017922906948,0.23511775
0.02610884297471832,0.7999017922906948,0.23484087
0.02610884297471832,0.7999836320484491,0.23467964
0.026114751289489698,0.7999836320484491,0.23466451
0.026114751289489698,0.8000654718062035,0.23464622
0.026132476233803832,0.8000654718062035,0.23457657
0.026132476233803832,0.8001473115639578,0.23452052
0.0261679261224321,0.8001473115639578,0.2343217
0.0261679261224321,0.8002291513217121,0.23432083
0.026209284325831743,0.8002291513217121,0.23406179
0.026209284325831743,0.8003109910794663,0.23402144
0.02621519264060312,0.8003109910794663,0.23395176
0.02621519264060312,0.8003928308372207,0.2339486
0.026232917584917255,0.8003928308372207,0.23386288
0.026232917584917255,0.800474670594975,0.23382758
0.02624473421446001,0.800474670594975,0.23373023
0.02624473421446001,0.8006383501104837,0.23369181
0.026274275788316898,0.8006383501104837,0.23341405
0.026274275788316898,0.800720189868238,0.2333173
0.02629790904740241,0.800720189868238,0.23315342
0.02629790904740241,0.8008838693837467,0.23311791
0.026356992195116186,0.8008838693837467,0.2329066
0.026368808824658942,0.8008838693837467,0.23286615
0.026368808824658942,0.8012112284147639,0.23268218
0.02642789197237272,0.8012112284147639,0.23226906
0.02642789197237272,0.8012930681725182,0.23226368
0.02645152523145823,0.8012930681725182,0.23211639
0.02645152523145823,0.8013749079302726,0.23210734
0.02645743354622961,0.8013749079302726,0.23207803
0.02645743354622961,0.8014567476880269,0.23206465
0.026469250175772365,0.8014567476880269,0.23194495
0.026469250175772365,0.8017022669612898,0.23173518
0.026475158490543743,0.8017022669612898,0.23172852
0.026475158490543743,0.8017841067190441,0.23172352
0.026498791749629252,0.8017841067190441,0.23161465
0.026498791749629252,0.8019477862345528,0.23151684
0.02650470006440063,0.8019477862345528,0.23146804
0.02650470006440063,0.8021114657500614,0.23143214
0.026516516693943386,0.8021114657500614,0.23135845
0.026516516693943386,0.8021933055078156,0.23134778
0.026540149953028898,0.8021933055078156,0.23114218
0.026540149953028898,0.8023569850233243,0.23105799
0.026551966582571654,0.8023569850233243,0.23096369
0.026551966582571654,0.802520664538833,0.23091601
0.02656378321211441,0.802520664538833,0.23086584
0.02656378321211441,0.8026025042965873,0.23084919
0.026599233100742675,0.8026025042965873,0.23057763
0.026599233100742675,0.8026843440543416,0.23054673
0.02661104973028543,0.8026843440543416,0.23043728
0.02661104973028543,0.802766183812096,0.23042633
0.026634682989370943,0.802766183812096,0.23032875
0.026634682989370943,0.8028480235698502,0.23023339
0.02666422456322783,0.8028480235698502,0.23003505
0.02666422456322783,0.8029298633276045,0.22999603
0.026670132877999207,0.8029298633276045,0.22998638
0.026670132877999207,0.8030117030853589,0.2299824
0.02669376613708472,0.8030117030853589,0.22976221
0.02669376613708472,0.8030935428431132,0.22974199
0.026705582766627475,0.8030935428431132,0.22956854
0.026705582766627475,0.8031753826008675,0.22956711
0.02672330771094161,0.8031753826008675,0.22948486
0.02672330771094161,0.8032572223586218,0.2294707
0.026735124340484362,0.8032572223586218,0.22940604
0.026735124340484362,0.8034209018741304,0.22934532
0.026764665914341252,0.8034209018741304,0.22918507
0.026764665914341252,0.8035845813896391,0.22914638
0.02677057422911263,0.8035845813896391,0.22913238
0.02677057422911263,0.8036664211473934,0.22912352
0.026811932432512276,0.8036664211473934,0.2287662
0.026811932432512276,0.8039119404206564,0.22871052
0.02682374906205503,0.8039119404206564,0.2285903
0.02682374906205503,0.8042392994516736,0.22848685
0.026841474006369163,0.8042392994516736,0.22840859
0.026841474006369163,0.8043211392094279,0.22837502
0.026888740524540187,0.8043211392094279,0.22810592
0.026888740524540187,0.8044848187249366,0.22807454
0.026906465468854317,0.8044848187249366,0.22795466
0.026906465468854317,0.8045666584826909,0.22794738
0.026912373783625695,0.8046484982404452,0.22791275
0.026918282098397073,0.8046484982404452,0.22790284
0.026918282098397073,0.8048121777559538,0.22781266
0.02693009872793983,0.8048121777559538,0.22762401
0.02693009872793983,0.8048940175137081,0.22752744
0.026989181875653606,0.8048940175137081,0.22719431
0.026989181875653606,0.8050576970292168,0.2271737
0.02700690681996774,0.8050576970292168,0.22695738
0.02700690681996774,0.8051395367869711,0.22691514
0.027018723449510496,0.8051395367869711,0.22681731
0.027018723449510496,0.8053032163024797,0.22678655
0.02704235670859601,0.8053032163024797,0.22661375
0.02704235670859601,0.8054668958179884,0.22657534
0.027065989967681517,0.8054668958179884,0.22649916
0.027065989967681517,0.8055487355757427,0.22647053
0.02708371491199565,0.8055487355757427,0.22639288
0.02708371491199565,0.8057942548490057,0.2263156
0.027095531541538407,0.8057942548490057,0.22627136
0.027095531541538407,0.8059579343645142,0.22625051
0.027125073115395297,0.8059579343645142,0.22605127
0.027125073115395297,0.8060397741222686,0.22598499
0.02716052300402356,0.8060397741222686,0.22584821
0.02716052300402356,0.8061216138800229,0.22584671
0.027172339633566318,0.8061216138800229,0.2258346
0.027172339633566318,0.8062034536377772,0.22581704
0.027178247948337696,0.8062034536377772,0.22580138
0.027178247948337696,0.8062852933955316,0.22574453
0.027184156263109074,0.8062852933955316,0.22573456
0.027184156263109074,0.8063671331532859,0.22573347
0.02719006457788045,0.8063671331532859,0.2257218
0.02719006457788045,0.8064489729110402,0.22565483
0.02719597289265183,0.8064489729110402,0.22559506
0.02719597289265183,0.8065308126687945,0.22558035
0.027231422781280094,0.8065308126687945,0.22530657
0.027231422781280094,0.8066126524265488,0.22527733
0.027290505928993875,0.8066126524265488,0.22493866
0.027290505928993875,0.8066944921843031,0.22493784
0.027302322558536627,0.8066944921843031,0.22485845
0.027302322558536627,0.8067763319420574,0.22484283
0.027314139188079383,0.8067763319420574,0.22458771
0.027314139188079383,0.8068581716998118,0.22457102
0.02732004750285076,0.8068581716998118,0.22456709
0.02732004750285076,0.8069400114575661,0.22456205
0.02735549739147903,0.8069400114575661,0.22442378
0.02735549739147903,0.807676569277355,0.22395062
0.027367314021021785,0.807676569277355,0.22393255
0.027367314021021785,0.8077584090351092,0.22383058
0.027438213798278318,0.8077584090351092,0.22334443
0.027438213798278318,0.8079220885506179,0.22326499
0.027444122113049696,0.8079220885506179,0.2232254
0.027444122113049696,0.8080039283083722,0.22318974
0.027450030427821074,0.8080039283083722,0.22316837
0.027450030427821074,0.8081676078238809,0.22314045
0.027473663686906583,0.8081676078238809,0.222995
0.027473663686906583,0.8082494475816352,0.22297727
0.027491388631220717,0.8082494475816352,0.22288683
0.027491388631220717,0.8083312873393895,0.22288401
0.02750911357553485,0.8083312873393895,0.22279283
0.02750911357553485,0.8084949668548981,0.22264282
0.02751502189030623,0.8084949668548981,0.22263485
0.02751502189030623,0.8085768066126524,0.22262259
0.027532746834620363,0.8085768066126524,0.22258063
0.027532746834620363,0.8086586463704067,0.22257684
0.027544563464163115,0.8086586463704067,0.2225556
0.027544563464163115,0.8087404861281611,0.22255176
0.02756228840847725,0.8087404861281611,0.22250482
0.02756228840847725,0.8089041656436697,0.22245955
0.027568196723248627,0.8089041656436697,0.22245021
0.027568196723248627,0.808986005401424,0.22243667
0.027574105038020005,0.808986005401424,0.22241896
0.027574105038020005,0.8091496849169326,0.22229576
0.027580013352791383,0.8091496849169326,0.22226357
0.027580013352791383,0.809231524674687,0.22224104
0.02759182998233414,0.809231524674687,0.22216177
0.02759182998233414,0.8093133644324413,0.22215419
0.02761546324141965,0.8093133644324413,0.22201997
0.02761546324141965,0.8093952041901956,0.22199567
0.027645004815276538,0.8093952041901956,0.22185382
0.027645004815276538,0.80947704394795,0.22183403
0.027709996277761693,0.80947704394795,0.22153705
0.027709996277761693,0.8095588837057043,0.22152716
0.027727721222075827,0.8095588837057043,0.22133559
0.027727721222075827,0.8097225632212128,0.22125794
0.02774544616638996,0.8097225632212128,0.22118837
0.02774544616638996,0.8098862427367215,0.22113697
0.027769079425475473,0.8098862427367215,0.22098364
0.027769079425475473,0.8100499222522302,0.22094426
0.027780896055018225,0.8100499222522302,0.22091669
0.027780896055018225,0.8101317620099845,0.22087774
0.02779862099933236,0.8101317620099845,0.22085264
0.02779862099933236,0.8102136017677388,0.22084372
0.02787542909136027,0.8102136017677388,0.22048214
0.02787542909136027,0.810295441525493,0.2204453
0.027881337406131648,0.810295441525493,0.22042266
0.027881337406131648,0.810540960798756,0.22028084
0.027969962127702315,0.810540960798756,0.21970768
0.027969962127702315,0.8106228005565104,0.21970047
0.028023136960644714,0.8106228005565104,0.21941194
0.028023136960644714,0.8107046403142647,0.21939246
0.028058586849272982,0.8107046403142647,0.21916255
0.028058586849272982,0.810786480072019,0.21913448
0.02806449516404436,0.810786480072019,0.21907553
0.02806449516404436,0.8108683198297733,0.2189814
0.02811766999698676,0.8108683198297733,0.21859077
0.02811766999698676,0.8111138391030362,0.21846533
0.028159028200386405,0.8111138391030362,0.21819386
0.028159028200386405,0.8111956788607906,0.21813835
0.02817084482992916,0.8111956788607906,0.21806785
0.02817084482992916,0.8112775186185449,0.21806692
0.02818856977424329,0.8112775186185449,0.21799536
0.02818856977424329,0.8113593583762992,0.21797639
0.02821811134810018,0.8113593583762992,0.2178135
0.02821811134810018,0.8115230378918078,0.2177225
0.02822401966287156,0.8115230378918078,0.21767546
0.02822401966287156,0.8116048776495621,0.21766353
0.028277194495813958,0.8116048776495621,0.21740785
0.028277194495813958,0.8116867174073165,0.2173765
0.028294919440128092,0.8116867174073165,0.21729004
0.028294919440128092,0.8118503969228251,0.21720162
0.028306736069670848,0.8118503969228251,0.2171421
0.028306736069670848,0.8119322366805795,0.21711451
0.028318552699213604,0.8119322366805795,0.21701813
0.028318552699213604,0.8120140764383338,0.2169751
0.02835400258784187,0.8120140764383338,0.21679929
0.02835400258784187,0.8122595957115967,0.21657267
0.028359910902613247,0.8122595957115967,0.21654311
0.028359910902613247,0.812341435469351,0.21649545
0.02837763584692738,0.812341435469351,0.21643007
0.02837763584692738,0.8124232752271053,0.21643001
0.028395360791241515,0.8124232752271053,0.21633735
0.028395360791241515,0.8125051149848597,0.21630909
0.02846035225372667,0.8125051149848597,0.21597573
0.02846035225372667,0.812586954742614,0.2159719
0.02848989382758356,0.812586954742614,0.21579175
0.02848989382758356,0.8126687945003683,0.21575949
0.028495802142354937,0.8126687945003683,0.21574852
0.028495802142354937,0.8127506342581226,0.2157096
0.028513527086669068,0.8127506342581226,0.21563241
0.028513527086669068,0.8128324740158769,0.21559761
0.028531252030983202,0.8128324740158769,0.21556824
0.028531252030983202,0.8129143137736312,0.21552187
0.02859033517869698,0.8129143137736312,0.21506071
0.02859033517869698,0.8129961535313855,0.21499065
0.02861396843778249,0.8129961535313855,0.21487358
0.02861396843778249,0.8130779932891399,0.21481015
0.02861987675255387,0.8130779932891399,0.21479535
0.02861987675255387,0.8131598330468942,0.21479249
0.028631693382096625,0.8131598330468942,0.21468534
0.028631693382096625,0.8133235125624028,0.21467005
0.02866714327072489,0.8133235125624028,0.21441571
0.02866714327072489,0.8134053523201571,0.2144046
0.028678959900267646,0.8134053523201571,0.21433765
0.028678959900267646,0.8134871920779114,0.21432048
0.028684868215039024,0.8134871920779114,0.21424726
0.028684868215039024,0.8135690318356658,0.21424338
0.028738043047981426,0.8135690318356658,0.2137202
0.028738043047981426,0.8136508715934201,0.21369097
0.028749859677524178,0.8136508715934201,0.2136598
0.028749859677524178,0.8137327113511744,0.21358941
0.028797126195695202,0.8137327113511744,0.21310623
0.028797126195695202,0.8138963908666831,0.21306889
0.028838484399094845,0.8138963908666831,0.21294221
0.028838484399094845,0.8139782306244373,0.21293814
0.028844392713866223,0.8139782306244373,0.21291238
0.028844392713866223,0.8140600703821916,0.21288455
0.02885620934340898,0.8140600703821916,0.21284813
0.02885620934340898,0.814141910139946,0.21268634
0.028897567546808625,0.814141910139946,0.2124908
0.028897567546808625,0.8142237498977003,0.21247745
0.028927109120665512,0.8142237498977003,0.21230152
0.028927109120665512,0.8143055896554546,0.21227425
0.028944834064979646,0.8143055896554546,0.21220118
0.028944834064979646,0.814387429413209,0.21218023
0.028950742379751024,0.814387429413209,0.21210569
0.028950742379751024,0.8144692691709633,0.2120996
0.02896255900929378,0.8144692691709633,0.21200074
0.02896255900929378,0.8145511089287175,0.2118932
0.028968467324065158,0.8145511089287175,0.21175751
0.028968467324065158,0.8146329486864718,0.21170571
0.028980283953607914,0.8146329486864718,0.21153371
0.028980283953607914,0.8147147884442262,0.21152036
0.028992100583150666,0.8147147884442262,0.2114341
0.028992100583150666,0.8147966282019805,0.21139577
0.029021642157007557,0.8147966282019805,0.21128389
0.029021642157007557,0.8148784679597348,0.21127236
0.02903936710132169,0.8148784679597348,0.21121955
0.02903936710132169,0.8149603077174892,0.21118113
0.029110266878578223,0.8149603077174892,0.21079996
0.029110266878578223,0.8150421474752435,0.21078415
0.029127991822892357,0.8150421474752435,0.21063022
0.029127991822892357,0.8151239872329978,0.21056995
0.029151625081977866,0.8151239872329978,0.21049681
0.029151625081977866,0.8152058269907521,0.21044996
0.029175258341063378,0.8152058269907521,0.21037376
0.029175258341063378,0.8152876667485064,0.21035992
0.029216616544463024,0.8152876667485064,0.21008903
0.029216616544463024,0.8153695065062607,0.210062
0.029240249803548533,0.8153695065062607,0.20986433
0.029240249803548533,0.815451346264015,0.20986079
0.02930524126603369,0.815451346264015,0.20958903
0.02930524126603369,0.8155331860217694,0.20951608
0.029311149580805065,0.8155331860217694,0.20946112
0.029311149580805065,0.8156150257795237,0.2094545
0.02935841609897609,0.8156150257795237,0.20934324
0.02935841609897609,0.815696865537278,0.20929241
0.029411590931918488,0.815696865537278,0.20897166
0.029411590931918488,0.8159423848105409,0.20887321
0.029423407561461244,0.8159423848105409,0.20881534
0.029423407561461244,0.8160242245682953,0.20879808
0.029429315876232622,0.8160242245682953,0.20876013
0.029429315876232622,0.8161060643260496,0.20874946
0.029452949135318134,0.8161060643260496,0.20865233
0.029452949135318134,0.8162697438415583,0.2084867
0.029470674079632265,0.8162697438415583,0.2083792
0.029476582394403643,0.8163515835993126,0.20832758
0.029476582394403643,0.8164334233570668,0.20832425
0.02948249070917502,0.8164334233570668,0.2082988
0.02948249070917502,0.8165971028725755,0.20819955
0.029494307338717777,0.8165971028725755,0.20813714
0.029494307338717777,0.8166789426303298,0.20810549
0.029506123968260533,0.8166789426303298,0.20808136
0.029506123968260533,0.8167607823880841,0.20804082
0.029553390486431554,0.8167607823880841,0.20781282
0.029553390486431554,0.8168426221458385,0.20778432
0.02956520711597431,0.8168426221458385,0.20774424
0.02956520711597431,0.8170063016613471,0.20769888
0.029571115430745688,0.8170063016613471,0.2076688
0.029571115430745688,0.8170881414191014,0.20761028
0.02958884037505982,0.8170881414191014,0.20742594
0.02958884037505982,0.8171699811768557,0.20738605
0.029606565319373956,0.8171699811768557,0.20733984
0.029606565319373956,0.81725182093461,0.20733064
0.029612473634145334,0.81725182093461,0.20732212
0.029612473634145334,0.817497340207873,0.20722
0.0296479235227736,0.817497340207873,0.20707116
0.0296479235227736,0.8175791799656273,0.2070497
0.029659740152316354,0.8175791799656273,0.20688225
0.029659740152316354,0.8176610197233816,0.20683767
0.029695190040944622,0.8176610197233816,0.20673503
0.029695190040944622,0.8177428594811359,0.20670663
0.02970700667048738,0.8177428594811359,0.20663473
0.02970700667048738,0.8178246992388902,0.2065943
0.02972473161480151,0.8178246992388902,0.20651464
0.02972473161480151,0.8179065389966446,0.20649475
0.029730639929572887,0.8179065389966446,0.20648171
0.029730639929572887,0.8179883787543989,0.20648064
0.029742456559115643,0.8179883787543989,0.20633933
0.029742456559115643,0.8180702185121532,0.2063351
0.02974836487388702,0.8180702185121532,0.20628457
0.02974836487388702,0.8181520582699076,0.20628321
0.029766089818201155,0.8181520582699076,0.20615636
0.029766089818201155,0.8183157377854161,0.20606595
0.029795631392058042,0.8183157377854161,0.20597114
0.029795631392058042,0.8184794173009248,0.20586552
0.02980153970682942,0.8184794173009248,0.20585184
0.02980153970682942,0.8185612570586791,0.20584914
0.029813356336372176,0.8185612570586791,0.20580249
0.029813356336372176,0.8188067763319421,0.20578855
0.029872439484085953,0.8188067763319421,0.20559303
0.029872439484085953,0.8188886160896963,0.20556822
0.029896072743171465,0.8188886160896963,0.20544136
0.029896072743171465,0.819052295605205,0.2054177
0.029919706002256977,0.819052295605205,0.20529383
0.029919706002256977,0.8191341353629593,0.20529148
0.029931522631799733,0.8191341353629593,0.20525867
0.029931522631799733,0.8193796546362223,0.20520487
0.02998469746474213,0.8193796546362223,0.20491366
0.02998469746474213,0.8194614943939766,0.20488463
0.029996514094284887,0.8194614943939766,0.20482089
0.029996514094284887,0.8195433341517309,0.20475201
0.030073322186312798,0.8195433341517309,0.20429601
0.030073322186312798,0.8196251739094852,0.20426786
0.03012058870448382,0.8196251739094852,0.20407158
0.03012058870448382,0.8197070136672395,0.2040388
0.030191488481740355,0.8197070136672395,0.2037634
0.030191488481740355,0.8197888534249939,0.20372424
0.03019739679651173,0.8197888534249939,0.20367473
0.03019739679651173,0.8198706931827482,0.20367308
0.030232846685139998,0.8198706931827482,0.20356461
0.030232846685139998,0.8199525329405025,0.20356147
0.030262388258996888,0.8199525329405025,0.20329392
0.030262388258996888,0.8200343726982569,0.20328921
0.03027420488853964,0.8200343726982569,0.20317852
0.03027420488853964,0.8201162124560112,0.20316662
0.030297838147625152,0.8201162124560112,0.20289342
0.030297838147625152,0.8201980522137654,0.20281701
0.030321471406710664,0.8201980522137654,0.20276524
0.030321471406710664,0.8202798919715197,0.2027599
0.0303391963510248,0.8202798919715197,0.2026528
0.0303391963510248,0.8204435714870284,0.20256458
0.030345104665796176,0.8204435714870284,0.20251146
0.030345104665796176,0.8205254112447827,0.20250669
0.030351012980567554,0.8205254112447827,0.20249349
0.030351012980567554,0.8206072510025371,0.20245735
0.03035692129533893,0.8206072510025371,0.20242606
0.03035692129533893,0.8206890907602914,0.2023923
0.030368737924881685,0.8206890907602914,0.20232742
0.030368737924881685,0.8207709305180456,0.20229061
0.03038055455442444,0.8207709305180456,0.20222187
0.03038055455442444,0.8208527702758,0.2021716
0.030398279498738575,0.8208527702758,0.20206186
0.030398279498738575,0.8209346100335543,0.20201859
0.030486904220309242,0.8209346100335543,0.20174204
0.030486904220309242,0.8210164497913086,0.2017404
0.030498720849851998,0.8210164497913086,0.20166329
0.030498720849851998,0.8210982895490629,0.20162523
0.030510537479394754,0.8210982895490629,0.20158592
0.030510537479394754,0.8211801293068173,0.2015631
0.03054598736802302,0.8211801293068173,0.20134625
0.030551895682794396,0.8212619690645716,0.20134138
0.030599162200965417,0.8212619690645716,0.20104203
0.030599162200965417,0.8213438088223259,0.20102106
0.030628703774822307,0.8213438088223259,0.20094793
0.030628703774822307,0.8215074883378345,0.20087008
0.030634612089593685,0.8215074883378345,0.2008475
0.030634612089593685,0.8215893280955888,0.200819
0.030717328496392974,0.8215893280955888,0.20056218
0.030717328496392974,0.8216711678533432,0.20054995
0.030723236811164352,0.8216711678533432,0.2005464
0.030723236811164352,0.8217530076110975,0.200494
0.03072914512593573,0.8217530076110975,0.20047039
0.03072914512593573,0.8218348473688518,0.20043108
0.030770503329335373,0.8218348473688518,0.20023759
0.030770503329335373,0.8219166871266061,0.2001799
0.030794136588420885,0.8219166871266061,0.20006487
0.030794136588420885,0.8219985268843604,0.20005621
0.030800044903192263,0.8219985268843604,0.19998518
0.030800044903192263,0.8220803666421147,0.19995958
0.03080595321796364,0.8220803666421147,0.19992787
0.03080595321796364,0.822162206399869,0.19992712
0.030847311421363283,0.822162206399869,0.19980401
0.030847311421363283,0.8222440461576234,0.19978055
0.030900486254305685,0.8222440461576234,0.19938776
0.030900486254305685,0.8223258859153777,0.1993623
0.030941844457705328,0.8223258859153777,0.19924897
0.030941844457705328,0.822407725673132,0.19920848
0.030989110975876352,0.822407725673132,0.19906737
0.030989110975876352,0.8224895654308864,0.19905506
0.031113185586075284,0.8224895654308864,0.19822282
0.031113185586075284,0.8225714051886407,0.19821504
0.031160452104246304,0.8225714051886407,0.19804913
0.031160452104246304,0.8226532449463949,0.19804044
0.03127271008490248,0.8226532449463949,0.19751969
0.03127271008490248,0.8227350847041492,0.19751735
0.03128452671444524,0.8227350847041492,0.19747663
0.03128452671444524,0.8228169244619036,0.19745508
0.03134360986215902,0.8228169244619036,0.19723149
0.03134360986215902,0.8228987642196579,0.19716522
0.031444051213272435,0.8228987642196579,0.19659007
0.031444051213272435,0.8229806039774122,0.19658056
0.03144995952804382,0.8229806039774122,0.19652376
0.03144995952804382,0.8230624437351666,0.19652307
0.03146177615758657,0.8230624437351666,0.19642767
0.03146177615758657,0.8231442834929209,0.1962979
0.03147359278712933,0.8231442834929209,0.19610813
0.03147359278712933,0.8233079630084295,0.19606131
0.031485409416672085,0.8233079630084295,0.1959519
0.031485409416672085,0.8233898027661838,0.19594799
0.03149131773144346,0.8233898027661838,0.19590136
0.03149131773144346,0.8234716425239381,0.19587712
0.031503134360986215,0.8234716425239381,0.1958695
0.031503134360986215,0.8235534822816925,0.19584362
0.03155040087915724,0.8235534822816925,0.19567691
0.03155040087915724,0.8237990015549554,0.19561549
0.03166265885981342,0.8237990015549554,0.1951226
0.03166265885981342,0.823962681070464,0.1950004
0.03166856717458479,0.823962681070464,0.1949573
0.03166856717458479,0.8240445208282183,0.19494998
0.03168629211889892,0.8240445208282183,0.19481175
0.03168629211889892,0.8241263605859727,0.1947849
0.03169810874844168,0.8241263605859727,0.19475819
0.03169810874844168,0.824208200343727,0.1946988
0.03172765032229857,0.824208200343727,0.19447929
0.03172765032229857,0.8242900401014813,0.19443288
0.03175719189615546,0.8242900401014813,0.1943842
0.03175719189615546,0.8243718798592357,0.19434717
0.031763100210926834,0.8243718798592357,0.19434334
0.031763100210926834,0.82445371961699,0.19433859
0.031804458414326484,0.82445371961699,0.19419426
0.031804458414326484,0.8245355593747442,0.1941756
0.03189308313589715,0.8245355593747442,0.19384351
0.03189308313589715,0.8246173991324985,0.19378531
0.031898991450668525,0.8246173991324985,0.1937518
0.031898991450668525,0.8246992388902529,0.19374341
0.031904899765439906,0.8246992388902529,0.19371477
0.031904899765439906,0.8248629184057615,0.19369344
0.03191080808021128,0.8248629184057615,0.19363433
0.03191080808021128,0.8249447581635159,0.19362548
0.03193444133929679,0.8249447581635159,0.19333541
0.03193444133929679,0.8250265979212702,0.1933056
0.03205851594949573,0.8250265979212702,0.19245982
0.03205851594949573,0.8251084376790244,0.19238508
0.0320644242642671,0.8251084376790244,0.19234453
0.0320644242642671,0.8251902774367788,0.19232717
0.032070332579038484,0.8251902774367788,0.1923221
0.032070332579038484,0.8252721171945331,0.19229718
0.03209987415289537,0.8252721171945331,0.19210143
0.03209987415289537,0.8253539569522874,0.19207492
0.03212941572675226,0.8253539569522874,0.19201127
0.03212941572675226,0.8254357967100417,0.191943
0.032223948763094305,0.8254357967100417,0.19150405
0.032223948763094305,0.8255176364677961,0.19148663
0.03226530696649395,0.8255176364677961,0.19109085
0.03226530696649395,0.8255994762255504,0.1910824
0.032277123596036704,0.8255994762255504,0.19103163
0.032277123596036704,0.8256813159833047,0.19098958
0.03228303191080808,0.8256813159833047,0.19094947
0.03228303191080808,0.825763155741059,0.19094148
0.03228894022557946,0.825763155741059,0.19090514
0.03228894022557946,0.8258449954988133,0.19089274
0.032294848540350835,0.8258449954988133,0.19083445
0.032294848540350835,0.8259268352565676,0.19083022
0.032300756855122216,0.8259268352565676,0.19081232
0.032300756855122216,0.826008675014322,0.19080123
0.03234802337329323,0.826008675014322,0.19062616
0.03234802337329323,0.8260905147720763,0.1905924
0.032353931688064615,0.8260905147720763,0.1905676
0.032353931688064615,0.8263360340453392,0.1905145
0.03235984000283599,0.8263360340453392,0.19050342
0.03235984000283599,0.8264178738030935,0.19042403
0.03240119820623564,0.8264178738030935,0.19018857
0.03240119820623564,0.8264997135608478,0.19008194
0.032448464724406656,0.8264997135608478,0.18993808
0.032448464724406656,0.8265815533186022,0.18992858
0.032507547872120436,0.8265815533186022,0.18974097
0.032507547872120436,0.8269089123496195,0.18963002
0.03252527281643457,0.8269089123496195,0.18958062
0.03252527281643457,0.8269907521073737,0.18948448
0.03257253933460559,0.8269907521073737,0.18935649
0.03257253933460559,0.827072591865128,0.18931732
0.03259026427891972,0.827072591865128,0.18924135
0.03259026427891972,0.8271544316228824,0.18913917
0.03261389753800523,0.8271544316228824,0.18898728
0.03261389753800523,0.827318111138391,0.18897694
0.032672980685719014,0.827318111138391,0.18844764
0.032672980685719014,0.8273999508961454,0.18843307
0.03273206383343279,0.8273999508961454,0.18821117
0.03273206383343279,0.8275636304116539,0.18820159
0.03273797214820417,0.8275636304116539,0.18819755
0.03273797214820417,0.8277273099271626,0.18814449
0.032767513722061055,0.8277273099271626,0.18794835
0.032767513722061055,0.8278091496849169,0.18790191
0.03279114698114657,0.8278091496849169,0.18784393
0.03279114698114657,0.8278909894426713,0.18784332
0.03280296361068932,0.8278909894426713,0.18774186
0.03280296361068932,0.8280546689581799,0.18766457
0.03281478024023208,0.8280546689581799,0.18759057
0.03281478024023208,0.8281365087159342,0.18758059
0.03283841349931759,0.8281365087159342,0.187464
0.03283841349931759,0.8283001882314428,0.18740246
0.03285613844363172,0.8283001882314428,0.18731909
0.03285613844363172,0.8283820279891971,0.18731457
0.03295067147997377,0.8283820279891971,0.1869746
0.03295067147997377,0.8284638677469515,0.18696788
0.03299202968337341,0.8284638677469515,0.18668263
0.03299202968337341,0.8285457075047058,0.18668169
0.03303929620154444,0.8285457075047058,0.18655308
0.03303929620154444,0.8287093870202145,0.18654417
0.033051112831087186,0.8287093870202145,0.18650222
0.033051112831087186,0.8289549062934773,0.18639772
0.033086562719715454,0.8289549062934773,0.18626948
0.033086562719715454,0.829118585808986,0.18626618
0.03315746249697199,0.829118585808986,0.18576506
0.03315746249697199,0.8292004255667403,0.18569767
0.03319291238560026,0.8292004255667403,0.18553932
0.03319291238560026,0.829364105082249,0.18549487
0.03319882070037163,0.829364105082249,0.18545774
0.03319882070037163,0.8294459448400032,0.18542469
0.03321654564468576,0.8294459448400032,0.18535148
0.03321654564468576,0.8295277845977576,0.18535054
0.03324608721854266,0.8295277845977576,0.18525499
0.03324608721854266,0.8296096243555119,0.1852547
0.03325790384808541,0.8296096243555119,0.18517984
0.03325790384808541,0.8296914641132662,0.18511441
0.0332874454219423,0.8296914641132662,0.1849552
0.0332874454219423,0.8297733038710206,0.18492602
0.033299262051485055,0.8297733038710206,0.1848928
0.033299262051485055,0.8299369833865292,0.18486682
0.03332289531057057,0.8299369833865292,0.18472917
0.03332289531057057,0.8300188231442835,0.184728
0.033358345199198836,0.8300188231442835,0.18462247
0.033358345199198836,0.8301825026597921,0.18459903
0.03336425351397021,0.8301825026597921,0.18458572
0.03336425351397021,0.8303461821753008,0.1845513
0.03338197845828434,0.8303461821753008,0.18441008
0.03338197845828434,0.8304280219330551,0.1843858
0.03340561171736985,0.8304280219330551,0.1843435
0.03340561171736985,0.8305098616908094,0.18423413
0.03344106160599812,0.8305098616908094,0.18409567
0.03344106160599812,0.8305917014485638,0.18407933
0.0334469699207695,0.8305917014485638,0.18406887
0.0334469699207695,0.8307553809640723,0.1840211
0.03353559464234016,0.8307553809640723,0.18373176
0.03353559464234016,0.830919060479581,0.18367802
0.03354741127188292,0.830919060479581,0.18362965
0.03354741127188292,0.831164579752844,0.18360409
0.033559227901425674,0.831164579752844,0.18353492
0.033559227901425674,0.8313282592683525,0.18350694
0.03357104453096843,0.8313282592683525,0.18347508
0.03357104453096843,0.8314100990261069,0.1834343
0.0336596692525391,0.8314100990261069,0.18297006
0.0336596692525391,0.8314919387838612,0.18296073
0.03366557756731048,0.8314919387838612,0.182939
0.03366557756731048,0.8315737785416155,0.18293853
0.03370102745593874,0.8315737785416155,0.18274938
0.03370102745593874,0.8316556182993698,0.18269193
0.03370693577071012,0.8316556182993698,0.18267526
0.03370693577071012,0.8317374580571242,0.1826273
0.0337660189184239,0.8317374580571242,0.18239711
0.0337660189184239,0.8318192978148785,0.18236107
0.033771927233195276,0.8318192978148785,0.18235996
0.033771927233195276,0.8319829773303871,0.18228598
0.03378374386273803,0.8319829773303871,0.18220933
0.03378374386273803,0.8320648170881414,0.18213095
0.03386646026953732,0.8320648170881414,0.18179378
0.03386646026953732,0.8321466568458957,0.181752
0.0338723685843087,0.8321466568458957,0.18170768
0.0338723685843087,0.8322284966036501,0.18168302
0.033901910158165585,0.8322284966036501,0.18159863
0.033901910158165585,0.8323103363614044,0.18158828
0.03394326836156523,0.8323103363614044,0.1813956
0.03394326836156523,0.8323921761191587,0.18138717
0.033960993305879365,0.8323921761191587,0.18135391
0.033960993305879365,0.832474015876913,0.18133926
0.03399644319450763,0.832474015876913,0.18120281
0.03399644319450763,0.8325558556346673,0.1812024
0.034014168138821764,0.8325558556346673,0.18111369
0.034014168138821764,0.8326376953924216,0.18110506
0.03410279286039243,0.8326376953924216,0.18069305
0.03410279286039243,0.8327195351501759,0.1806843
0.0341382427490207,0.8327195351501759,0.18053687
0.0341382427490207,0.8328013749079303,0.18047793
0.034150059378563455,0.8328013749079303,0.18041702
0.034150059378563455,0.8331287339389475,0.18028434
0.034167784322877585,0.8331287339389475,0.18023355
0.034167784322877585,0.8332105736967018,0.18022212
0.034185509267191716,0.8332105736967018,0.18020132
0.034185509267191716,0.8332924134544561,0.18019712
0.034203234211505854,0.8332924134544561,0.18016459
0.034203234211505854,0.8333742532122105,0.18014741
0.034226867470591366,0.8333742532122105,0.18008605
0.034226867470591366,0.8334560929699648,0.18007052
0.03423868410013412,0.8334560929699648,0.1800575
0.03423868410013412,0.8335379327277191,0.18004528
0.034280042303533764,0.8335379327277191,0.17982897
0.034280042303533764,0.8336197724854735,0.17981538
0.03428595061830514,0.8336197724854735,0.17980903
0.03428595061830514,0.8337016122432278,0.17978927
0.034297767247847895,0.8337016122432278,0.17975914
0.034297767247847895,0.833783452000982,0.17974998
0.03433912545124754,0.833783452000982,0.1794434
0.03433912545124754,0.8338652917587364,0.17939195
0.034374575339875806,0.8338652917587364,0.17925416
0.034374575339875806,0.8339471315164907,0.17924835
0.03438048365464719,0.8339471315164907,0.17923942
0.03438048365464719,0.834028971274245,0.17923869
0.03439230028418994,0.834028971274245,0.17921071
0.03439230028418994,0.8341108110319994,0.17918497
0.03439820859896132,0.8341108110319994,0.17916921
0.03439820859896132,0.8341926507897537,0.17915396
0.03442184185804683,0.8341926507897537,0.17909788
0.03442184185804683,0.834274490547508,0.17909576
0.034433658487589586,0.834274490547508,0.17903702
0.034433658487589586,0.8343563303052624,0.17901269
0.03443956680236096,0.8343563303052624,0.17900789
0.03443956680236096,0.8344381700630166,0.1790032
0.03452228320916025,0.8344381700630166,0.17863621
0.03452228320916025,0.8345200098207709,0.1786076
0.034545916468245765,0.8345200098207709,0.17850822
0.034545916468245765,0.8346018495785252,0.17850217
0.03459318298641678,0.8346018495785252,0.17832786
0.03459318298641678,0.8346836893362796,0.17830363
0.03459909130118816,0.8346836893362796,0.17827481
0.03459909130118816,0.8347655290940339,0.17826274
0.03465226613413056,0.8347655290940339,0.17808732
0.03465226613413056,0.8348473688517882,0.17807856
0.034658174448901936,0.8348473688517882,0.1780649
0.034658174448901936,0.8349292086095426,0.17803283
0.034693624337530204,0.8349292086095426,0.17784277
0.034693624337530204,0.8350110483672968,0.17782202
0.03474089085570123,0.8350110483672968,0.1775002
0.03474089085570123,0.8350928881250511,0.1774784
0.03476452411478674,0.8350928881250511,0.17735709
0.03476452411478674,0.8351747278828054,0.1773207
0.03493586524315669,0.8351747278828054,0.176336
0.03493586524315669,0.8352565676405598,0.17628706
0.034941773557928074,0.8352565676405598,0.17628391
0.034941773557928074,0.8353384073983141,0.17628376
0.03504812322381287,0.8353384073983141,0.17585576
0.03504812322381287,0.8354202471560684,0.1758069
0.035207647722640074,0.8354202471560684,0.17508283
0.035207647722640074,0.8355020869138228,0.17505407
0.03523128098172558,0.8355020869138228,0.17501828
0.03523128098172558,0.8357476061870857,0.17490822
0.035243097611268336,0.8357476061870857,0.17485431
0.035243097611268336,0.83582944594484,0.17479002
0.03527263918512523,0.83582944594484,0.17472114
0.03527263918512523,0.8359112857025943,0.17469603
0.03532581401806763,0.8359112857025943,0.17453435
0.03532581401806763,0.8359931254603487,0.17453007
0.03534353896238176,0.8359931254603487,0.17441857
0.03534353896238176,0.836074965218103,0.17439707
0.03540262211009554,0.836074965218103,0.17406078
0.03540262211009554,0.8361568049758573,0.17405628
0.035414438739638295,0.8361568049758573,0.17390062
0.035414438739638295,0.8362386447336115,0.17389785
0.03542625536918105,0.8362386447336115,0.17387193
0.03542625536918105,0.8363204844913659,0.17384177
0.035544421664608604,0.8363204844913659,0.17353536
0.035544421664608604,0.8364023242491202,0.17352849
0.035603504812322384,0.8364023242491202,0.17327127
0.035603504812322384,0.8364841640068745,0.17324196
0.03561532144186514,0.8364841640068745,0.1731188
0.03561532144186514,0.8366478435223832,0.17304757
0.03565667964526478,0.8366478435223832,0.17291915
0.03565667964526478,0.8367296832801375,0.17284603
0.03570985447820718,0.8367296832801375,0.17261808
0.03570985447820718,0.8368115230378919,0.17257774
0.035757120996378206,0.8368115230378919,0.17236301
0.035757120996378206,0.8368933627956461,0.17234023
0.03585165403272025,0.8368933627956461,0.17199992
0.03585165403272025,0.8369752025534004,0.17199677
0.03589892055089127,0.8369752025534004,0.17180121
0.03589892055089127,0.8370570423111547,0.17173569
0.035904828865662645,0.8370570423111547,0.17172582
0.035904828865662645,0.8372207218266634,0.1716931
0.035940278754290914,0.8372207218266634,0.1715729
0.035940278754290914,0.8373025615844177,0.17156805
0.03595209538383367,0.8373025615844177,0.17152442
0.03595209538383367,0.8373844013421721,0.17151621
0.03599345358723331,0.8373844013421721,0.17136462
0.03599345358723331,0.8374662410999263,0.17131442
0.0360229951610902,0.8374662410999263,0.1711371
0.0360229951610902,0.8375480808576806,0.17107779
0.036034811790632955,0.8375480808576806,0.17097339
0.036034811790632955,0.837629920615435,0.17095652
0.036040720105404336,0.837629920615435,0.17094523
0.036040720105404336,0.8377936001309436,0.17090315
0.03605253673494709,0.8377936001309436,0.17085978
0.03605253673494709,0.837875439888698,0.17082788
0.03608207830880398,0.837875439888698,0.17075032
0.03608207830880398,0.8379572796464523,0.17072268
0.03611752819743225,0.8379572796464523,0.17056695
0.03611752819743225,0.8380391194042066,0.17053042
0.03613525314174638,0.8380391194042066,0.17046832
0.03613525314174638,0.8382027989197152,0.17045572
0.03615888640083189,0.8382027989197152,0.1703653
0.03615888640083189,0.8382846386774695,0.1703601
0.036188427974688776,0.8382846386774695,0.17021187
0.036188427974688776,0.8383664784352238,0.1701989
0.03619433628946016,0.8383664784352238,0.17017472
0.03619433628946016,0.8384483181929782,0.17013457
0.03621206123377429,0.8384483181929782,0.17009923
0.03621206123377429,0.8385301579507325,0.17001005
0.036247511122402556,0.8385301579507325,0.16982712
0.036247511122402556,0.8386119977084868,0.16982676
0.03630659427011634,0.8386119977084868,0.16956216
0.03630659427011634,0.8386938374662412,0.16955034
0.03631841089965909,0.8386938374662412,0.16951007
0.03631841089965909,0.8387756772239954,0.16946664
0.03633613584397322,0.8387756772239954,0.16938694
0.03633613584397322,0.8388575169817497,0.16935958
0.036342044158744605,0.8388575169817497,0.16929
0.036342044158744605,0.838939356739504,0.16928683
0.036359769103058735,0.838939356739504,0.16922735
0.036359769103058735,0.8391030362550127,0.16912065
0.03637158573260149,0.8391030362550127,0.16908494
0.03637158573260149,0.839184876012767,0.16907427
0.036377494047372866,0.839184876012767,0.16906767
0.036377494047372866,0.8392667157705214,0.16903879
0.03653701854620007,0.8392667157705214,0.16842686
0.03653701854620007,0.8393485555282756,0.16841313
0.03658428506437109,0.8393485555282756,0.16805008
0.03658428506437109,0.8394303952860299,0.16804688
0.03666700147117038,0.8394303952860299,0.16784556
0.03666700147117038,0.8395122350437842,0.16782904
0.03669063473025589,0.8395122350437842,0.16775763
0.03669063473025589,0.8395940748015386,0.16772653
0.03673199293365553,0.8395940748015386,0.16756807
0.03673199293365553,0.8396759145592929,0.16756432
0.03678516776659793,0.8396759145592929,0.16737585
0.03678516776659793,0.8397577543170472,0.16736288
0.036867884173397224,0.8397577543170472,0.16686343
0.036867884173397224,0.8398395940748016,0.16685463
0.036885609117711354,0.8398395940748016,0.16681229
0.036885609117711354,0.8399214338325559,0.16678004
0.036909242376796866,0.8399214338325559,0.16669075
0.036909242376796866,0.8400032735903101,0.1666797
0.03697423383928202,0.8400032735903101,0.16635872
0.03697423383928202,0.8400851133480645,0.16633704
0.037021500357453045,0.8400851133480645,0.1661849
0.037021500357453045,0.8401669531058188,0.16618031
0.03702740867222442,0.8401669531058188,0.16618012
0.03702740867222442,0.8402487928635731,0.16615532
0.0370333169869958,0.8402487928635731,0.16615203
0.0370333169869958,0.8403306326213275,0.1661335
0.03708058350516682,0.8403306326213275,0.16601135
0.03708058350516682,0.8404124723790818,0.16595872
0.03710421676425233,0.8404124723790818,0.16588004
0.03710421676425233,0.8404943121368361,0.16582555
0.03718102485628024,0.8404943121368361,0.1655649
0.03718102485628024,0.8406579916523447,0.1655449
0.03718693317105162,0.8406579916523447,0.16550781
0.03718693317105162,0.840739831410099,0.16549382
0.037210566430137135,0.840739831410099,0.16541226
0.037210566430137135,0.8408216711678533,0.16540548
0.03724010800399402,0.8408216711678533,0.1652469
0.03724010800399402,0.8409035109256077,0.16524523
0.037287374522165045,0.8409035109256077,0.16510904
0.037287374522165045,0.840985350683362,0.16508909
0.03732873272556469,0.840985350683362,0.16491295
0.03732873272556469,0.8410671904411163,0.16490625
0.037358274299421575,0.8410671904411163,0.16484196
0.037358274299421575,0.8411490301988707,0.16483054
0.03739963250282122,0.8411490301988707,0.16467586
0.03739963250282122,0.8412308699566249,0.16466448
0.037458715650535,0.8412308699566249,0.16448812
0.037458715650535,0.8413945494721335,0.1643536
0.037488257224391884,0.8413945494721335,0.1642563
0.037488257224391884,0.8414763892298879,0.1642424
0.037511890483477396,0.8414763892298879,0.16406253
0.037511890483477396,0.8415582289876422,0.16402882
0.03755915700164842,0.8415582289876422,0.16381796
0.037565065316419795,0.8416400687453965,0.16381161
0.03759460689027669,0.8416400687453965,0.16372459
0.03759460689027669,0.8418037482609051,0.16365236
0.03764778172321909,0.8418037482609051,0.16353115
0.03764778172321909,0.8418855880186594,0.16348815
0.03777185633341802,0.8418855880186594,0.16320196
0.03777185633341802,0.8419674277764138,0.16319646
0.03780730622204628,0.8419674277764138,0.16306433
0.03780730622204628,0.8420492675341681,0.16306178
0.03781912285158904,0.8420492675341681,0.16299929
0.03781912285158904,0.8421311072919224,0.16299252
0.03782503116636042,0.8421311072919224,0.16296245
0.03782503116636042,0.8422129470496768,0.1628843
0.037890022628845575,0.8422129470496768,0.16261752
0.037890022628845575,0.8422947868074311,0.16258965
0.037943197461787974,0.8422947868074311,0.16227409
0.037943197461787974,0.8423766265651854,0.1622732
0.03795501409133073,0.8423766265651854,0.16221108
0.03795501409133073,0.8424584663229396,0.16219392
0.037990463979959,0.8424584663229396,0.16200304
0.037990463979959,0.842540306080694,0.16200082
0.03814408016401482,0.842540306080694,0.16146947
0.03814408016401482,0.8426221458384483,0.16134658
0.03816180510832895,0.8426221458384483,0.16128293
0.03816180510832895,0.8427039855962026,0.16125542
0.038173621737871706,0.8427039855962026,0.16119562
0.038173621737871706,0.842785825353957,0.1611649
0.03819725499695722,0.842785825353957,0.16090861
0.03819725499695722,0.8428676651117113,0.1608996
0.03821497994127135,0.8428676651117113,0.16086885
0.03821497994127135,0.8429495048694656,0.16081807
0.03826224645944237,0.8429495048694656,0.16065459
0.03826224645944237,0.84303134462722,0.16060497
0.03829769634807064,0.84303134462722,0.16050543
0.03829769634807064,0.8431131843849742,0.16050214
0.03838632106964131,0.8431131843849742,0.16007943
0.03838632106964131,0.8431950241427285,0.16006796
0.038415862643498194,0.8431950241427285,0.15996918
0.038415862643498194,0.8433587036582372,0.15995649
0.03845722084689784,0.8433587036582372,0.15965813
0.03845722084689784,0.8434405434159915,0.15959057
0.03852812062415437,0.8434405434159915,0.15937069
0.03852812062415437,0.8436042229315002,0.15936384
0.038551753883239885,0.8436042229315002,0.15930201
0.038551753883239885,0.843849742204763,0.15916753
0.0385990204014109,0.843849742204763,0.15891722
0.0385990204014109,0.8439315819625174,0.15890206
0.038628561975267796,0.8439315819625174,0.15877904
0.038628561975267796,0.8440134217202717,0.15877627
0.03863447029003917,0.8440134217202717,0.15871884
0.03863447029003917,0.844095261478026,0.15871379
0.03865219523435331,0.844095261478026,0.15858553
0.03865219523435331,0.8441771012357804,0.15856849
0.03866992017866744,0.8441771012357804,0.15855297
0.03866992017866744,0.8442589409935347,0.15854125
0.03872900332638122,0.8442589409935347,0.15839912
0.03872900332638122,0.8443407807512889,0.15835807
0.038740819955923975,0.8443407807512889,0.15833138
0.038740819955923975,0.8445044602667976,0.1582522
0.03876445321500948,0.8445044602667976,0.15819801
0.03876445321500948,0.8445863000245519,0.1581938
0.03884126130703739,0.8445863000245519,0.15796018
0.03884126130703739,0.8446681397823063,0.15793802
0.038894436139979796,0.8446681397823063,0.15778033
0.038894436139979796,0.8447499795400606,0.15777329
0.03898896917632184,0.8447499795400606,0.1575077
0.03898896917632184,0.8448318192978149,0.1575069
0.039018510750178724,0.8448318192978149,0.15745983
0.039018510750178724,0.8449136590555691,0.15745677
0.03903032737972148,0.8449136590555691,0.15738937
0.03903032737972148,0.8449954988133235,0.15737705
0.039059868953578374,0.8449954988133235,0.15727301
0.039059868953578374,0.8450773385710778,0.15726887
0.039095318842206635,0.8450773385710778,0.15714471
0.039095318842206635,0.8452410180865865,0.15713
0.03912486041606353,0.8452410180865865,0.15704344
0.03912486041606353,0.8453228578443408,0.15698221
0.03917803524900593,0.8453228578443408,0.15674107
0.03917803524900593,0.8454046976020951,0.15665545
0.03918985187854868,0.8454046976020951,0.15662952
0.03918985187854868,0.8454865373598495,0.1566126
0.03922530176717695,0.8454865373598495,0.15646778
0.03922530176717695,0.8455683771176037,0.15645881
0.039266659970576594,0.8455683771176037,0.15629736
0.039266659970576594,0.845650216875358,0.15625715
0.03929620154443348,0.845650216875358,0.15614174
0.03929620154443348,0.8457320566331124,0.15609907
0.03930210985920486,0.8457320566331124,0.15608932
0.03930210985920486,0.8458138963908667,0.15603568
0.039367101321690016,0.8458138963908667,0.15579273
0.039367101321690016,0.845895736148621,0.15571895
0.039514809190974456,0.845895736148621,0.15504177
0.039514809190974456,0.8459775759063753,0.15503573
0.03959161728300237,0.8459775759063753,0.15477204
0.03959161728300237,0.8460594156641297,0.15475553
0.03961525054208788,0.8460594156641297,0.1545903
0.03961525054208788,0.8461412554218839,0.15455917
0.03963297548640202,0.8461412554218839,0.15451764
0.03963297548640202,0.8463049349373926,0.1545007
0.039680242004573034,0.8463049349373926,0.15440671
0.039680242004573034,0.8463867746951469,0.15439768
0.03969205863411579,0.8463867746951469,0.15432364
0.03969205863411579,0.8465504542106556,0.15428884
0.03972160020797268,0.8465504542106556,0.15424624
0.03972160020797268,0.8466322939684099,0.15423472
0.03973341683751543,0.8466322939684099,0.15416202
0.03973341683751543,0.8467141337261642,0.1541072
0.03978068335568646,0.8467141337261642,0.1539823
0.03978068335568646,0.8467959734839184,0.15397449
0.039816133244314725,0.8467959734839184,0.1539191
0.039816133244314725,0.8468778132416728,0.15388566
0.039875216392028505,0.8468778132416728,0.15340711
0.039875216392028505,0.8470414927571814,0.15338136
0.039892941336342636,0.8470414927571814,0.1533645
0.039892941336342636,0.8471233325149358,0.15336432
0.04001110763177019,0.8471233325149358,0.15297925
0.04001110763177019,0.8472051722726901,0.15294474
0.0400879157237981,0.8472051722726901,0.15255813
0.0400879157237981,0.8472870120304444,0.15249842
0.04009382403856948,0.8472870120304444,0.15247606
0.04009382403856948,0.8473688517881987,0.15247035
0.04018244876014015,0.8473688517881987,0.1521583
0.04018244876014015,0.847450691545953,0.15213227
0.04020608201922565,0.847450691545953,0.15205982
0.04020608201922565,0.8475325313037073,0.15205128
0.04022380696353979,0.8475325313037073,0.1520221
0.04022380696353979,0.8476143710614616,0.15201622
0.0402474402226253,0.8476143710614616,0.15197514
0.0402474402226253,0.847696210819216,0.15194537
0.04025925685216806,0.847696210819216,0.15189414
0.04025925685216806,0.8477780505769703,0.15188514
0.04026516516693943,0.8477780505769703,0.15187497
0.04026516516693943,0.8478598903347246,0.15184374
0.040271073481710815,0.8478598903347246,0.15183489
0.040271073481710815,0.847941730092479,0.15183425
0.04031833999988183,0.847941730092479,0.15167694
0.04031833999988183,0.8480235698502332,0.15167622
0.0403537898885101,0.8480235698502332,0.15158628
0.0403537898885101,0.8481054096079875,0.15158416
0.040365606518052856,0.8481054096079875,0.15157
0.040365606518052856,0.8481872493657419,0.15154181
0.04044832292485214,0.8481872493657419,0.15125759
0.04044832292485214,0.8482690891234962,0.15123944
0.0404601395543949,0.8482690891234962,0.15122116
0.0404601395543949,0.8483509288812505,0.15122057
0.04050149775779455,0.8483509288812505,0.15107645
0.04050149775779455,0.8484327686390049,0.15107413
0.0405133143873373,0.8484327686390049,0.1510432
0.0405133143873373,0.8485146083967592,0.15101673
0.04052513101688005,0.8485146083967592,0.15097325
0.04052513101688005,0.8485964481545135,0.15092507
0.04053103933165143,0.8485964481545135,0.15092267
0.04053103933165143,0.8486782879122677,0.15088871
0.04054285596119419,0.8486782879122677,0.15081312
0.04054285596119419,0.8487601276700221,0.15077777
0.040607847423679344,0.8487601276700221,0.15050222
0.040607847423679344,0.8489238071855307,0.15046985
0.04064920562707899,0.8489238071855307,0.1503065
0.04064920562707899,0.8490056469432851,0.15026031
0.040743738663421035,0.8490056469432851,0.15000132
0.040743738663421035,0.8490874867010394,0.14997734
0.04090917147701961,0.8490874867010394,0.14927636
0.04090917147701961,0.8491693264587937,0.1492335
0.04093280473610512,0.8491693264587937,0.14911897
0.04093280473610512,0.849251166216548,0.14910631
0.040950529680419255,0.849251166216548,0.14909811
0.040950529680419255,0.8493330059743023,0.14909258
0.04098597956904752,0.8493330059743023,0.1489829
0.04098597956904752,0.8494148457320566,0.14895806
0.04101552114290441,0.8494148457320566,0.14877683
0.04101552114290441,0.8494966854898109,0.14873323
0.04103915440198992,0.8494966854898109,0.14868428
0.04103915440198992,0.8495785252475653,0.14866894
0.041045062716761296,0.8495785252475653,0.14864789
0.041045062716761296,0.8496603650053196,0.14859223
0.04105097103153268,0.8496603650053196,0.14858155
0.04105097103153268,0.8497422047630739,0.14856535
0.04111005417924645,0.8497422047630739,0.1484066
0.04111005417924645,0.8498240445208283,0.14839655
0.041139595753103345,0.8498240445208283,0.1482947
0.041139595753103345,0.8499877240363368,0.1482745
0.0411514123826461,0.8499877240363368,0.14825791
0.0411514123826461,0.8500695637940912,0.14821362
0.04116322901218886,0.8500695637940912,0.1481936
0.04116322901218886,0.8502332433095998,0.14818428
0.04124594541898814,0.8502332433095998,0.14798011
0.04124594541898814,0.8503969228251085,0.14792666
0.04130502856670192,0.8503969228251085,0.14771068
0.04130502856670192,0.8504787625828627,0.14767042
0.04132275351101605,0.8504787625828627,0.14757809
0.04132275351101605,0.850560602340617,0.14754936
0.04138183665872983,0.850560602340617,0.14740634
0.04138183665872983,0.8507242818561257,0.14735186
0.041476369695071874,0.8507242818561257,0.14710234
0.041476369695071874,0.85080612161388,0.14706063
0.041553177787099785,0.85080612161388,0.14660548
0.041553177787099785,0.8508879613716344,0.14653277
0.04169497734161285,0.8508879613716344,0.14617102
0.04169497734161285,0.851051640887143,0.14614986
0.04180723532226903,0.851051640887143,0.14569177
0.04180723532226903,0.8511334806448972,0.14566979
0.041872226784754184,0.8511334806448972,0.14548633
0.041872226784754184,0.8512971601604059,0.14546342
0.04196085150632485,0.8512971601604059,0.14526808
0.04196085150632485,0.8513789999181602,0.14525251
0.04197266813586761,0.8513789999181602,0.14522824
0.04197266813586761,0.8514608396759146,0.14521666
0.04199039308018174,0.8514608396759146,0.14520282
0.04199039308018174,0.8515426794336689,0.14513628
0.042084926116523785,0.8515426794336689,0.1448666
0.042084926116523785,0.8516245191914232,0.14485034
0.04209083443129516,0.8516245191914232,0.14484912
0.04209083443129516,0.8517063589491775,0.14484304
0.0421085593756093,0.8517063589491775,0.14476362
0.0421085593756093,0.8517881987069318,0.14474039
0.04220900072672272,0.8517881987069318,0.1444607
0.04220900072672272,0.8519518782224405,0.14445329
0.04231535039260752,0.8519518782224405,0.1441497
0.04231535039260752,0.8520337179801948,0.14413443
0.04233307533692165,0.8520337179801948,0.14408916
0.04233307533692165,0.8521155577379491,0.14405896
0.04238034185509267,0.8521155577379491,0.14397402
0.04238034185509267,0.8521973974957034,0.14395894
0.04240988342894956,0.8521973974957034,0.14392704
0.04240988342894956,0.8522792372534578,0.14391637
0.04249259983574885,0.8522792372534578,0.14362238
0.04249259983574885,0.852361077011212,0.14361128
0.042557591298234006,0.852361077011212,0.14347541
0.042557591298234006,0.8524429167689663,0.14346045
0.04260485781640503,0.8524429167689663,0.14339225
0.04260485781640503,0.8525247565267207,0.14336242
0.04261667444594778,0.8525247565267207,0.14329614
0.04261667444594778,0.852606596284475,0.14324524
0.04262258276071916,0.852606596284475,0.14319263
0.04262258276071916,0.8526884360422293,0.14318907
0.04265803264934743,0.8526884360422293,0.14309506
0.04265803264934743,0.8527702757999837,0.14306743
0.04267575759366156,0.8527702757999837,0.1430438
0.04267575759366156,0.8529339553154923,0.14303353
0.04271120748228983,0.8529339553154923,0.14293928
0.04271120748228983,0.8530157950732465,0.14291307
0.04284119040726014,0.8530157950732465,0.14261296
0.04284119040726014,0.8530976348310009,0.14257778
0.04285891535157427,0.8530976348310009,0.14254668
0.04285891535157427,0.8531794745887552,0.14252497
0.04287073198111702,0.8531794745887552,0.14250751
0.04287073198111702,0.8532613143465095,0.1424936
0.04290027355497392,0.8532613143465095,0.1424428
0.04290027355497392,0.8533431541042639,0.14241575
0.042953448387916315,0.8533431541042639,0.14234516
0.042953448387916315,0.8534249938620182,0.14234151
0.04300071490608734,0.8534249938620182,0.14218499
0.04300071490608734,0.8535068336197725,0.14218105
0.043083431312886625,0.8535068336197725,0.14192654
0.043083431312886625,0.8535886733775268,0.14190675
0.043101156257200755,0.8535886733775268,0.14187312
0.043101156257200755,0.8536705131352811,0.14185525
0.04310706457197214,0.8536705131352811,0.14182034
0.04310706457197214,0.8537523528930354,0.1417834
0.04311888120151489,0.8537523528930354,0.14174424
0.04311888120151489,0.8538341926507897,0.14174297
0.043160239404914535,0.8538341926507897,0.14163855
0.043160239404914535,0.8539160324085441,0.14163265
0.04322523086739969,0.8539160324085441,0.14152682
0.04322523086739969,0.8539978721662984,0.14145996
0.043237047496942446,0.8539978721662984,0.14142889
0.043237047496942446,0.8540797119240527,0.14137824
0.04324295581171383,0.8540797119240527,0.14137174
0.04324295581171383,0.8541615516818071,0.1413507
0.043331580533284494,0.8541615516818071,0.1410749
0.043331580533284494,0.8542433914395613,0.14107484
0.04352064660596858,0.8542433914395613,0.14062424
0.04352064660596858,0.8543252311973156,0.14057931
0.04358563806845373,0.8543252311973156,0.14039959
0.04358563806845373,0.85440707095507,0.14038844
0.043615179642310625,0.85440707095507,0.14026387
0.043615179642310625,0.8544889107128243,0.14026327
0.04381606234453747,0.8544889107128243,0.13966508
0.04381606234453747,0.8545707504705786,0.13966186
0.043934228639965024,0.8545707504705786,0.13933207
0.043934228639965024,0.854652590228333,0.13931826
0.04394604526950778,0.854652590228333,0.13929182
0.04394604526950778,0.8547344299860873,0.13926353
0.04397558684336467,0.8547344299860873,0.13920975
0.04397558684336467,0.8548162697438415,0.13920933
0.04407602819447809,0.8548162697438415,0.13889137
0.04407602819447809,0.8548981095015958,0.13888213
0.04418237786036289,0.8548981095015958,0.138599
0.04418237786036289,0.8549799492593502,0.13859639
0.0442060111194484,0.8549799492593502,0.13858168
0.0442060111194484,0.8550617890171045,0.13857402
0.044276910896704935,0.8550617890171045,0.13841967
0.044276910896704935,0.8551436287748588,0.13841394
0.044294635841019066,0.8551436287748588,0.1383877
0.044294635841019066,0.8552254685326132,0.13838601
0.04441280213644662,0.8552254685326132,0.13810506
0.04441280213644662,0.8553073082903675,0.1380754
0.04443052708076076,0.8553073082903675,0.13802123
0.04443052708076076,0.8553891480481218,0.13801146
0.04443643539553213,0.8553891480481218,0.13800852
0.04443643539553213,0.855470987805876,0.13799708
0.04444825202507489,0.855470987805876,0.13796932
0.04444825202507489,0.8555528275636304,0.13796665
0.0444718852841604,0.8555528275636304,0.13791643
0.0444718852841604,0.8556346673213847,0.13791488
0.044483701913703155,0.8556346673213847,0.13790031
0.044483701913703155,0.855716507079139,0.13788126
0.044595959894359334,0.855716507079139,0.13756791
0.044595959894359334,0.8557983468368934,0.13756062
0.04465504304207311,0.8557983468368934,0.13738024
0.04465504304207311,0.855962026352402,0.13734418
0.044802750911357554,0.855962026352402,0.13699293
0.044802750911357554,0.8560438661101563,0.13694742
0.044861834059071334,0.8560438661101563,0.13674164
0.044861834059071334,0.8561257058679106,0.13671234
0.044879559003385465,0.8561257058679106,0.13668609
0.044879559003385465,0.8562075456256649,0.13665731
0.04492682552155649,0.8562075456256649,0.13654682
0.04492682552155649,0.8562893853834193,0.13653994
0.044938642151099245,0.8562893853834193,0.13650219
0.044938642151099245,0.8563712251411736,0.13649674
0.044974092039727506,0.8563712251411736,0.1363719
0.044974092039727506,0.8565349046566822,0.13634536
0.04499772529881302,0.8565349046566822,0.13629137
0.04499772529881302,0.8566167444144366,0.13628641
0.04506271676129817,0.8566167444144366,0.1361416
0.04506271676129817,0.8566985841721908,0.13613436
0.04510407496469782,0.8566985841721908,0.13602589
0.04510407496469782,0.8567804239299451,0.135955
0.0451099832794692,0.8567804239299451,0.13595198
0.0451099832794692,0.8568622636876995,0.13594696
0.04515724979764022,0.8568622636876995,0.13572143
0.04515724979764022,0.8569441034454538,0.13571547
0.04516906642718298,0.8569441034454538,0.13567929
0.04516906642718298,0.8570259432032081,0.13566507
0.045216332945353994,0.8570259432032081,0.13554004
0.045216332945353994,0.8571077829609625,0.13551882
0.0453226826112388,0.8571077829609625,0.13533881
0.0453226826112388,0.8571896227187168,0.13532066
0.04541721564758084,0.8571896227187168,0.13502523
0.04541721564758084,0.8572714624764711,0.1350239
0.04545266553620911,0.8572714624764711,0.13491875
0.04545266553620911,0.8574351419919797,0.1349065
0.04545857385098048,0.8574351419919797,0.13490641
0.04545857385098048,0.857516981749734,0.13489674
0.04552356531346564,0.857516981749734,0.13480854
0.04552356531346564,0.8575988215074883,0.13477992
0.04554719857255115,0.8575988215074883,0.13472024
0.04554719857255115,0.8576806612652427,0.13471515
0.04571853970092111,0.8576806612652427,0.13418645
0.04571853970092111,0.857762501022997,0.13415885
0.04581898105203453,0.857762501022997,0.13384476
0.04581898105203453,0.8578443407807513,0.13382818
0.04586624757020555,0.8578443407807513,0.1337174
0.04586624757020555,0.8579261805385056,0.13370074
0.046008047124718614,0.8579261805385056,0.13329706
0.046008047124718614,0.8580080202962599,0.1332912
0.04610258016106066,0.8580080202962599,0.13310435
0.04610258016106066,0.8581716998117686,0.133067
0.046149846679231686,0.8581716998117686,0.13296077
0.046149846679231686,0.8582535395695229,0.13295597
0.04634482106668715,0.8582535395695229,0.13254501
0.04634482106668715,0.8583353793272772,0.13252729
0.04639799589962955,0.8583353793272772,0.13231556
0.04639799589962955,0.8584172190850315,0.13231187
0.046409812529172305,0.8584172190850315,0.13229479
0.046409812529172305,0.8584990588427859,0.13229173
0.04643344578825782,0.8584990588427859,0.13226052
0.04643344578825782,0.8585808986005401,0.13221054
0.046522070509828484,0.8585808986005401,0.13195609
0.046522070509828484,0.8586627383582944,0.131956
0.04652797882459986,0.8586627383582944,0.1319109
0.04652797882459986,0.8588264178738031,0.131897
0.04657524534277088,0.8588264178738031,0.13175744
0.04657524534277088,0.8589082576315574,0.13175099
0.04659297028708501,0.8589082576315574,0.13167432
0.04659297028708501,0.8589900973893118,0.13165785
0.04664023680525604,0.8589900973893118,0.13149975
0.04664023680525604,0.8590719371470661,0.13149385
0.04669931995296982,0.8590719371470661,0.13130468
0.04669931995296982,0.8591537769048203,0.13124928
0.04671113658251257,0.8591537769048203,0.1312073
0.04671113658251257,0.8592356166625746,0.13119347
0.046752494785912216,0.8592356166625746,0.13099909
0.046752494785912216,0.859317456420329,0.13094386
0.046823394563168745,0.859317456420329,0.13081324
0.046823394563168745,0.8593992961780833,0.13079385
0.04684111950748288,0.8593992961780833,0.13071953
0.04684111950748288,0.8594811359358376,0.13071823
0.04684702782225426,0.8594811359358376,0.1306992
0.04684702782225426,0.859562975693592,0.13067716
0.04692974422905355,0.859562975693592,0.130481
0.04692974422905355,0.8596448154513463,0.1304598
0.046935652543824924,0.8596448154513463,0.13045509
0.046935652543824924,0.8597266552091006,0.13044317
0.04711881030173763,0.8597266552091006,0.13000293
0.04711881030173763,0.8598903347246092,0.12995334
0.047148351875594526,0.8598903347246092,0.12991033
0.047148351875594526,0.8599721744823635,0.12991004
0.04717198513468004,0.8599721744823635,0.12988752
0.04717198513468004,0.8600540142401178,0.12987895
0.04721334333807968,0.8600540142401178,0.12974817
0.04721334333807968,0.8601358539978722,0.12974437
0.04726651817102208,0.8601358539978722,0.12962411
0.04726651817102208,0.8602176937556265,0.12961219
0.047390592781221014,0.8602176937556265,0.12930934
0.047390592781221014,0.8602995335133808,0.12930489
0.04739650109599239,0.8602995335133808,0.12930317
0.04739650109599239,0.8603813732711351,0.12929478
0.04756784222436235,0.8603813732711351,0.12899064
0.04756784222436235,0.8604632130288894,0.12897559
0.04771555009364679,0.8604632130288894,0.12840307
0.04771555009364679,0.8605450527866437,0.1283994
0.04778644987090332,0.8605450527866437,0.128284
0.04778644987090332,0.8606268925443981,0.12828317
0.047827808074302966,0.8606268925443981,0.12813857
0.047827808074302966,0.8607087323021524,0.12812403
0.04793415774018776,0.8607087323021524,0.12792666
0.04793415774018776,0.8607905720599067,0.1279158
0.0479518826845019,0.8607905720599067,0.12783031
0.0479518826845019,0.860872411817661,0.1277917
0.04796960762881603,0.860872411817661,0.12775846
0.04796960762881603,0.8609542515754154,0.1277163
0.04811731549810048,0.8609542515754154,0.12733966
0.04811731549810048,0.8610360913331696,0.12730856
0.0482709316821563,0.8610360913331696,0.12687445
0.0482709316821563,0.8611179310909239,0.12686676
0.048300473256013186,0.8611179310909239,0.1267799
0.048300473256013186,0.8611997708486783,0.12677658
0.04836546471849834,0.8611997708486783,0.12662023
0.04836546471849834,0.8612816106064326,0.12661102
0.04838318966281248,0.8612816106064326,0.12656659
0.04838318966281248,0.8613634503641869,0.1265602
0.04844227281052625,0.8613634503641869,0.12638217
0.04844227281052625,0.8614452901219413,0.12636797
0.04844818112529763,0.8614452901219413,0.12636746
0.04844818112529763,0.8615271298796956,0.12635681
0.04847772269915452,0.8615271298796956,0.12628621
0.04847772269915452,0.8616089696374499,0.12627338
0.048548622476411056,0.8616089696374499,0.1260384
0.048548622476411056,0.8617726491529585,0.12601165
0.04856634742072519,0.8617726491529585,0.12594773
0.04856634742072519,0.8618544889107128,0.12592334
0.0485899806798107,0.8618544889107128,0.12589167
0.0485899806798107,0.8619363286684671,0.12589149
0.04862543056843897,0.8619363286684671,0.12578566
0.04862543056843897,0.8620181684262215,0.12575665
0.04863133888321034,0.8620181684262215,0.12573981
0.04863133888321034,0.8621000081839758,0.12573704
0.04865497214229585,0.8621000081839758,0.12562755
0.04865497214229585,0.8621818479417301,0.1256042
0.04869042203092412,0.8621818479417301,0.12550955
0.04869042203092412,0.8622636876994844,0.12549274
0.048808588326351675,0.8622636876994844,0.12521802
0.048808588326351675,0.8623455274572387,0.12518916
0.04895629619563612,0.8623455274572387,0.1247108
0.04896811282517887,0.8623455274572387,0.12470728
0.04905673754674954,0.8623455274572387,0.12454426
0.04905673754674954,0.862427367214993,0.124512024
0.049074462491063675,0.862427367214993,0.12448324
0.049074462491063675,0.8625092069727474,0.124478556
0.04921626204557674,0.8625092069727474,0.12405628
0.04921626204557674,0.8625910467305017,0.12400094
0.0492280786751195,0.8625910467305017,0.12398182
0.0492280786751195,0.862672886488256,0.12397594
0.04925762024897638,0.862672886488256,0.123853944
0.04925762024897638,0.8628365660037647,0.12382712
0.049281253508061895,0.8628365660037647,0.12378278
0.049281253508061895,0.8629184057615189,0.12377798
0.049340336655775675,0.8629184057615189,0.12353867
0.049340336655775675,0.8630002455192732,0.12353809
0.049358061600089806,0.8630002455192732,0.12351736
0.049358061600089806,0.8630820852770276,0.12351731
0.04940532811826083,0.8630820852770276,0.12343734
0.04940532811826083,0.8631639250347819,0.12343445
0.049541219358002514,0.8631639250347819,0.123194076
0.049541219358002514,0.8633276045502906,0.12316016
0.049582577561402164,0.8633276045502906,0.123124965
0.049582577561402164,0.8634094443080449,0.12312275
0.04968892722728696,0.8634094443080449,0.12294072
0.04968892722728696,0.8634912840657991,0.12293517
0.049830726781800026,0.8634912840657991,0.122463144
0.049830726781800026,0.8635731238235534,0.122435495
0.04994889307722758,0.8635731238235534,0.12230609
0.04994889307722758,0.8636549635813078,0.122302815
0.050078876002197896,0.8636549635813078,0.122027986
0.050078876002197896,0.8638186430968164,0.12201237
0.05009069263174065,0.8638186430968164,0.122006744
0.05009069263174065,0.8639004828545708,0.12200558
0.0501025092612834,0.8639004828545708,0.12194667
0.05011432589082616,0.8639004828545708,0.1219313
0.05012023420559754,0.8639004828545708,0.12192237
0.05012023420559754,0.8639823226123251,0.12191792
0.05013795914991167,0.8639823226123251,0.121871576
0.05013795914991167,0.8640641623700794,0.121866964
0.05019704229762545,0.8640641623700794,0.12173878
0.05019704229762545,0.8641460021278337,0.12172439
0.050433374888480556,0.8641460021278337,0.12123152
0.050433374888480556,0.864227841885588,0.121231444
0.05044519151802331,0.864227841885588,0.121201515
0.05044519151802331,0.8643096816433423,0.12119898
0.05051018298050847,0.8643096816433423,0.12106537
0.05051018298050847,0.8643915214010967,0.12104938
0.05051609129527985,0.8643915214010967,0.12103923
0.05051609129527985,0.864473361158851,0.12103211
0.05058699107253638,0.864473361158851,0.1209488
0.05058699107253638,0.8646370406743596,0.120925
0.050598807702079134,0.8646370406743596,0.12089982
0.050598807702079134,0.8647188804321139,0.12089236
0.0506874324236498,0.8647188804321139,0.120677486
0.0506874324236498,0.8648007201898682,0.12067647
0.05081741534862011,0.8648007201898682,0.120361246
0.05081741534862011,0.8648825599476225,0.12035333
0.05104783962470385,0.8648825599476225,0.11994905
0.05104783962470385,0.8649643997053769,0.11994424
0.051112831087189003,0.8649643997053769,0.11979594
0.051112831087189003,0.8650462394631312,0.11979068
0.05112464771673176,0.8650462394631312,0.119769745
0.05112464771673176,0.8651280792208855,0.11975473
0.051136464346274516,0.8651280792208855,0.119741954
0.051136464346274516,0.8652099189786399,0.119728506
0.05117191423490278,0.8652099189786399,0.11965997
0.05117191423490278,0.8652917587363942,0.119641565
0.051189639179216914,0.8652917587363942,0.11963773
0.051189639179216914,0.8653735984941484,0.11963559
0.051207364123531045,0.8653735984941484,0.11962549
0.051207364123531045,0.8654554382519027,0.11958438
0.051213272438302426,0.8654554382519027,0.11957477
0.051213272438302426,0.8655372780096571,0.11957114
0.05123690569738793,0.8655372780096571,0.11952916
0.05123690569738793,0.8656191177674114,0.11951625
0.05124872232693069,0.8656191177674114,0.11948756
0.05124872232693069,0.8657009575251657,0.119486935
0.051266447271244825,0.8657009575251657,0.11945469
0.051266447271244825,0.8657827972829201,0.11942842
0.05136688862235825,0.8657827972829201,0.119216524
0.05136688862235825,0.8658646370406744,0.11921174
0.051378705251901004,0.8658646370406744,0.119203545
0.051378705251901004,0.8659464767984286,0.11920247
0.05139052188144375,0.8659464767984286,0.11919411
0.05139052188144375,0.866028316556183,0.11919281
0.051473238288243045,0.866028316556183,0.119084395
0.051473238288243045,0.8661101563139373,0.11907842
0.0514850549177858,0.8661101563139373,0.11906509
0.0514850549177858,0.8661919960716916,0.11906333
0.051603221213213354,0.8661919960716916,0.11887044
0.051603221213213354,0.866273835829446,0.11886985
0.05165048773138438,0.866273835829446,0.11878063
0.05165048773138438,0.8663556755872003,0.11874823
0.051662304360927135,0.8663556755872003,0.11873058
0.051662304360927135,0.8664375153449546,0.11868907
0.05167412099046989,0.8664375153449546,0.11863486
0.05167412099046989,0.8665193551027089,0.118634075
0.05169184593478402,0.8665193551027089,0.118614025
0.05169184593478402,0.8666011948604632,0.11860015
0.05178637897112606,0.8666011948604632,0.118389
0.05178637897112606,0.8666830346182175,0.11838868
0.05190454526655362,0.8666830346182175,0.11812109
0.05190454526655362,0.8667648743759718,0.11810956
0.05192227021086775,0.8667648743759718,0.11810012
0.05192227021086775,0.8668467141337262,0.11809243
0.051999078302895664,0.8668467141337262,0.117925055
0.051999078302895664,0.8669285538914805,0.11792096
0.052081794709694956,0.8669285538914805,0.117803454
0.052081794709694956,0.8670103936492348,0.11775996
0.05225904415283629,0.8670103936492348,0.11749925
0.05225904415283629,0.8670922334069892,0.117482595
0.052341760559635575,0.8670922334069892,0.11730749
0.052341760559635575,0.8671740731647435,0.1172981
0.05236539381872109,0.8671740731647435,0.11722498
0.05236539381872109,0.8672559129224977,0.11721439
0.052530826632319665,0.8672559129224977,0.116948105
0.052530826632319665,0.867337752680252,0.11694058
0.05256036820617655,0.867337752680252,0.11689469
0.05256036820617655,0.8674195924380064,0.11688539
0.05273170933454651,0.8674195924380064,0.11660161
0.05273170933454651,0.8675014321957607,0.11658439
0.05282624237088855,0.8675014321957607,0.11646138
0.05282624237088855,0.867583271953515,0.11646026
0.052873508889059576,0.867583271953515,0.116361596
0.052873508889059576,0.8676651117112694,0.1163592
0.05289714214814509,0.8676651117112694,0.1163078
0.05289714214814509,0.8677469514690237,0.11628946
0.05290895877768784,0.8677469514690237,0.116264984
0.05290895877768784,0.8678287912267779,0.116257906
0.05296213361063024,0.8678287912267779,0.11620177
0.05296213361063024,0.8679106309845322,0.11618819
0.05304485001742953,0.8679106309845322,0.115993045
0.053056666646972284,0.8679106309845322,0.11599247
0.05310984147991468,0.8679106309845322,0.11581691
0.05310984147991468,0.8679924707422866,0.1158127
0.05342889047756908,0.8679924707422866,0.11529731
0.05342889047756908,0.8680743105000409,0.11528833
0.05348797362528286,0.8680743105000409,0.11523492
0.05348797362528286,0.8681561502577952,0.115218356
0.053588414976396284,0.8681561502577952,0.115086235
0.053588414976396284,0.8682379900155496,0.11507686
0.05388383071496517,0.8682379900155496,0.11458542
0.05388383071496517,0.8683198297733039,0.114551745
0.05394291386267895,0.8683198297733039,0.11443386
0.05394291386267895,0.8684016695310582,0.11442481
0.054007905325164106,0.8684016695310582,0.11427472
0.054007905325164106,0.8684835092888125,0.1142698
0.054078805102420635,0.8684835092888125,0.11417098
0.054078805102420635,0.8685653490465668,0.11417085
0.05410834667627753,0.8685653490465668,0.11410722
0.05410834667627753,0.8686471888043211,0.11410465
0.05444512061824606,0.8686471888043211,0.11361123
0.05444512061824606,0.8687290285620755,0.11360977
0.054480570506874326,0.8687290285620755,0.11352719
0.054480570506874326,0.8688927080775841,0.113518015
0.054669636579558416,0.8688927080775841,0.11320823
0.054669636579558416,0.8689745478353385,0.11320237
0.05484097770792837,0.8689745478353385,0.11285107
0.05484097770792837,0.8690563875930927,0.11284922
0.0548587026522425,0.8690563875930927,0.112829
0.0548587026522425,0.869138227350847,0.11282251
0.054988685577212815,0.869138227350847,0.11250451
0.054988685577212815,0.8692200671086013,0.11247733
0.05501231883629832,0.8692200671086013,0.112454295
0.05501231883629832,0.8693019068663557,0.112450406
0.05503004378061246,0.8693019068663557,0.11243887
0.05503004378061246,0.86938374662411,0.11243278
0.055266376371467564,0.86938374662411,0.11206595
0.055266376371467564,0.8694655863818643,0.11206488
0.05535500109303823,0.8694655863818643,0.11189733
0.05535500109303823,0.8695474261396187,0.11188755
0.05550861727709405,0.8695474261396187,0.11172885
0.05550861727709405,0.869629265897373,0.111703455
0.05552634222140819,0.869629265897373,0.111687064
0.05552634222140819,0.8697111056551272,0.11168228
0.05554406716572232,0.8697111056551272,0.11166318
0.05554406716572232,0.8697929454128815,0.1116523
0.05596946582926152,0.8697929454128815,0.11097353
0.05596946582926152,0.8698747851706359,0.11097292
0.056134898642860094,0.8698747851706359,0.11073507
0.056134898642860094,0.8700384646861445,0.11072195
0.05616444021671699,0.8700384646861445,0.110664405
0.05616444021671699,0.8701203044438989,0.110662945
0.0561880734758025,0.8701203044438989,0.11064491
0.056199890105345256,0.8701203044438989,0.11063526
0.056199890105345256,0.8702021442016532,0.11063505
0.05650121415868552,0.8702021442016532,0.11019903
0.05650121415868552,0.8702839839594074,0.11018113
0.0565602973063993,0.8702839839594074,0.11011595
0.0565602973063993,0.8703658237171618,0.1101097
0.05660165550979894,0.8703658237171618,0.11004017
0.05660165550979894,0.8704476634749161,0.110017315
0.056613472139341696,0.8704476634749161,0.10997498
0.056613472139341696,0.8705295032326704,0.109974205
0.056666646972284095,0.8705295032326704,0.109884374
0.056666646972284095,0.8706113429904248,0.10986956
0.05673754674954063,0.8706113429904248,0.10971752
0.05673754674954063,0.8706931827481791,0.10970529
0.056855713044968184,0.8706931827481791,0.10950965
0.056855713044968184,0.8707750225059334,0.10950479
0.05688525461882507,0.8707750225059334,0.10948405
0.05688525461882507,0.870938702021442,0.109482035
0.05693842945176747,0.870938702021442,0.10941085
0.05693842945176747,0.8710205417791963,0.10940534
0.057192486986936714,0.8710205417791963,0.10905749
0.057192486986936714,0.8711023815369506,0.10905244
0.05723384519033636,0.8711023815369506,0.10900438
0.05723384519033636,0.871184221294705,0.10900389
0.05723975350510774,0.871184221294705,0.10900344
0.05723975350510774,0.8712660610524593,0.108995475
0.05725747844942187,0.8712660610524593,0.10897968
0.05725747844942187,0.8713479008102136,0.108976915
0.057310653282364274,0.8713479008102136,0.10893676
0.057310653282364274,0.871429740567968,0.10893306
0.05803737599924374,0.871429740567968,0.10797296
0.05803737599924374,0.8715115803257223,0.107964694
0.058196900498070935,0.8715115803257223,0.10775205
0.058196900498070935,0.8715934200834765,0.10775182
0.05826780027532747,0.8715934200834765,0.10768625
0.05826780027532747,0.8716752598412308,0.10767956
0.05842732477415467,0.8716752598412308,0.10742805
0.05842732477415467,0.8717570995989852,0.10742694
0.0584982245514112,0.8717570995989852,0.10735744
0.0584982245514112,0.8718389393567395,0.10734533
0.05862229916161013,0.8718389393567395,0.10719632
0.05862229916161013,0.8719207791144938,0.107185215
0.05866365736500978,0.8719207791144938,0.107139796
0.05866365736500978,0.8720026188722482,0.107138425
0.058675473994552536,0.8720026188722482,0.10713487
0.058675473994552536,0.8720844586300025,0.107134275
0.0587109238831808,0.8720844586300025,0.10709542
0.0587109238831808,0.8721662983877567,0.10707632
0.058728648827494935,0.8721662983877567,0.10703652
0.058728648827494935,0.872248138145511,0.10701921
0.05882909017860836,0.872248138145511,0.1068519
0.05882909017860836,0.8723299779032654,0.10684894
0.05895907310357867,0.8723299779032654,0.106656805
0.05895907310357867,0.8724118176610197,0.106656194
0.05920722232397653,0.8724118176610197,0.106237344
0.05920722232397653,0.872493657418774,0.10623663
0.05924858052737618,0.872493657418774,0.10620004
0.05924858052737618,0.8725754971765284,0.10619705
0.059313571989861334,0.8725754971765284,0.10614513
0.059313571989861334,0.8726573369342827,0.10613748
0.059402196711432,0.8726573369342827,0.106031016
0.059402196711432,0.872739176692037,0.10602597
0.059484913118231286,0.872739176692037,0.105954066
0.059484913118231286,0.8729028562075456,0.10593925
0.059656254246601245,0.8729028562075456,0.105686285
0.059656254246601245,0.8729846959652999,0.10568061
0.05985122863405671,0.8729846959652999,0.10543929
0.05985122863405671,0.8730665357230543,0.10543804
0.05990440346699911,0.8730665357230543,0.10536658
0.05990440346699911,0.8731483754808086,0.10534667
0.059939853355627376,0.8731483754808086,0.10531163
0.059939853355627376,0.8732302152385629,0.10531127
0.060069836280597685,0.8732302152385629,0.105183154
0.060069836280597685,0.8733120549963173,0.10515914
0.06013482774308284,0.8733120549963173,0.10510815
0.06013482774308284,0.8733938947540715,0.10510352
0.06021163583511075,0.8733938947540715,0.104989395
0.06021163583511075,0.8734757345118258,0.10498567
0.060258902353281775,0.8734757345118258,0.10493624
0.060258902353281775,0.8735575742695801,0.104933254
0.06071975090544924,0.8735575742695801,0.10426907
0.06071975090544924,0.8736394140273345,0.104266755
0.06079065068270577,0.8736394140273345,0.104174614
0.06079065068270577,0.8737212537850888,0.104174055
0.060843825515648174,0.8737212537850888,0.10411812
0.060843825515648174,0.8738030935428431,0.104110986
0.06090290866336195,0.8738030935428431,0.10402067
0.06090290866336195,0.8739667730583518,0.10400145
0.06103289158833226,0.8739667730583518,0.103851885
0.06103289158833226,0.874048612816106,0.10385154
0.06105652484741777,0.874048612816106,0.10381722
0.06105652484741777,0.8741304525738604,0.10381281
0.06110969968036017,0.8741304525738604,0.103741445
0.06110969968036017,0.8742122923316147,0.10374032
0.06115105788375982,0.8742122923316147,0.10367782
0.06115105788375982,0.874294132089369,0.10367673
0.06129285743827288,0.874294132089369,0.10349794
0.06129285743827288,0.8743759718471233,0.10348719
0.06156463991775626,0.8743759718471233,0.10315507
0.06156463991775626,0.8744578116048777,0.10313423
0.06158827317684177,0.8744578116048777,0.10310914
0.06158827317684177,0.874539651362632,0.10309464
0.061712347787040704,0.874539651362632,0.10287559
0.061712347787040704,0.8746214911203862,0.10284113
0.061730072731354835,0.8746214911203862,0.10280237
0.061730072731354835,0.8747033308781406,0.10279828
0.061789155879068615,0.8747033308781406,0.102718666
0.061789155879068615,0.8747851706358949,0.10271752
0.061865963971096526,0.8747851706358949,0.1025916
0.061865963971096526,0.8748670103936492,0.1025901
0.06187778060063928,0.8748670103936492,0.1025734
0.06187778060063928,0.8749488501514036,0.1025696
0.06190732217449617,0.8749488501514036,0.1025189
0.06190732217449617,0.8750306899091579,0.10251595
0.061995946896066835,0.8750306899091579,0.10244734
0.061995946896066835,0.8751125296669122,0.10243613
0.062185012968750925,0.8751125296669122,0.102161504
0.062185012968750925,0.8751943694246666,0.10216088
0.06223818780169332,0.8751943694246666,0.10209083
0.06223818780169332,0.8752762091824208,0.102087356
0.062255912746007454,0.8752762091824208,0.102060735
0.062255912746007454,0.8753580489401751,0.10205453
0.06232090420849261,0.8753580489401751,0.101968266
0.06232090420849261,0.8754398886979294,0.10196431
0.06249224533686257,0.8754398886979294,0.1017709
0.06249224533686257,0.8755217284556838,0.10176326
0.06250406196640532,0.8755217284556838,0.10175761
0.06250406196640532,0.8756035682134381,0.10175304
0.06281129433451696,0.8756035682134381,0.10146005
0.06281129433451696,0.8756854079711924,0.10145328
0.06284674422314523,0.8756854079711924,0.10142267
0.06284674422314523,0.8757672477289468,0.10141584
0.06292355231517315,0.8757672477289468,0.10131512
0.06292355231517315,0.8758490874867011,0.1013108
0.06294718557425866,0.8758490874867011,0.101279385
0.06294718557425866,0.8759309272444553,0.10126372
0.0631185267026286,0.8759309272444553,0.10109642
0.0631185267026286,0.876094606759964,0.10108641
0.06329577614576994,0.876094606759964,0.10087639
0.06329577614576994,0.8761764465177183,0.10087575
0.06332531771962684,0.8761764465177183,0.10085302
0.06332531771962684,0.8762582862754726,0.10085224
0.06360300851388158,0.8762582862754726,0.10052446
0.06360300851388158,0.876340126033227,0.10051927
0.06369163323545225,0.876340126033227,0.10044578
0.06369163323545225,0.8764219657909813,0.100438654
0.06372708312408051,0.8764219657909813,0.10038897
0.06372708312408051,0.8765038055487355,0.10038801
0.06373889975362328,0.8765038055487355,0.100370534
0.06373889975362328,0.8766674850642442,0.100365326
0.06377434964225154,0.8766674850642442,0.1003249
0.06377434964225154,0.8767493248219985,0.100308806
0.06387479099336496,0.8767493248219985,0.10022494
0.06387479099336496,0.8768311645797529,0.100221224
0.06391024088199324,0.8768311645797529,0.10018406
0.06391024088199324,0.8769130043375072,0.10017868
0.0640520404365063,0.8769130043375072,0.10001453
0.0640520404365063,0.8769948440952615,0.10000682
0.06411703189899146,0.8769948440952615,0.09995437
0.06411703189899146,0.8770766838530158,0.099945635
0.06417020673193385,0.8770766838530158,0.09988371
0.06417020673193385,0.8771585236107701,0.09987865
0.06445380584095999,0.8771585236107701,0.09954532
0.06445380584095999,0.8772403633685244,0.099536374
0.06450698067390238,0.8772403633685244,0.09949668
0.06450698067390238,0.8773222031262787,0.0994844
0.06453652224775927,0.8773222031262787,0.09941912
0.06453652224775927,0.8774040428840331,0.09941611
0.06454833887730203,0.8774040428840331,0.09939827
0.06454833887730203,0.8774858826417874,0.09939692
0.06455424719207341,0.8774858826417874,0.09939691
0.06455424719207341,0.8775677223995417,0.099394344
0.0645837887659303,0.8775677223995417,0.099378206
0.0645837887659303,0.8776495621572961,0.099374495
0.0646074220250158,0.8776495621572961,0.09934884
0.0646074220250158,0.8777314019150503,0.09934629
0.06461923865455856,0.8777314019150503,0.09933328
0.06461923865455856,0.8778132416728046,0.09932547
0.06470195506135785,0.8778132416728046,0.099227786
0.0647137716909006,0.8778132416728046,0.09922169
0.06474922157952887,0.8778132416728046,0.09917961
0.06474922157952887,0.8778950814305589,0.09917166
0.06486147956018505,0.8778950814305589,0.099027775
0.06486147956018505,0.8779769211883133,0.09902671
0.06487920450449919,0.8779769211883133,0.099019565
0.06487920450449919,0.8781406007038219,0.09899498
0.0649560125965271,0.8781406007038219,0.098881766
0.0649560125965271,0.8782224404615763,0.09887153
0.06525142833509598,0.8782224404615763,0.0985396
0.06525142833509598,0.8783042802193306,0.098539315
0.06534005305666665,0.8783042802193306,0.09845952
0.06534005305666665,0.8783861199770848,0.09845556
0.06567091868386381,0.8783861199770848,0.09804845
0.06567091868386381,0.8784679597348392,0.09804826
0.06575954340543447,0.8784679597348392,0.097952805
0.06575954340543447,0.8785497994925935,0.097951904
0.06585998475654789,0.8785497994925935,0.09785019
0.06585998475654789,0.8786316392503478,0.09784656
0.06596633442243269,0.8786316392503478,0.09772124
0.06596633442243269,0.8787953187658565,0.09770569
0.06610222566217437,0.8787953187658565,0.09760882
0.06610222566217437,0.8788771585236108,0.09759082
0.06639764140074327,0.8788771585236108,0.09733231
0.06639764140074327,0.8790408380391194,0.09732565
0.06640945803028603,0.8790408380391194,0.09729919
0.06640945803028603,0.8791226777968737,0.09728947
0.06645672454845704,0.8791226777968737,0.0972327
0.06645672454845704,0.879204517554628,0.0972318
0.06646263286322843,0.879204517554628,0.09722887
0.06646263286322843,0.8792863573123824,0.09722312
0.0665748908438846,0.8792863573123824,0.09713488
0.0665748908438846,0.879450036827891,0.097119994
0.06658670747342735,0.879450036827891,0.09711688
0.06658670747342735,0.8795318765856454,0.0971159
0.0666812405097694,0.8795318765856454,0.0970424
0.0666812405097694,0.8796137163433996,0.09704167
0.0667344153427118,0.8796137163433996,0.096988805
0.0667344153427118,0.8796955561011539,0.096976236
0.06678168186088282,0.8796955561011539,0.09690566
0.06678168186088282,0.8797773958589082,0.09690335
0.06692348141539589,0.8797773958589082,0.096773125
0.06692348141539589,0.8798592356166626,0.0967694
0.06701210613696655,0.8798592356166626,0.09669363
0.06701210613696655,0.8799410753744169,0.09668351
0.06702983108128069,0.8799410753744169,0.096663564
0.06702983108128069,0.8800229151321712,0.096641496
0.06734888007893508,0.8800229151321712,0.096347585
0.06734888007893508,0.8801047548899256,0.09632691
0.06759112098456158,0.8801047548899256,0.09605964
0.06759112098456158,0.8801865946476798,0.0960558
0.06783927020495945,0.8801865946476798,0.09578916
0.06783927020495945,0.8802684344054341,0.09578397
0.06799288638901527,0.8802684344054341,0.09561507
0.06799288638901527,0.8803502741631885,0.09561439
0.06809923605490006,0.8803502741631885,0.09550988
0.06809923605490006,0.8804321139209428,0.09550534
0.06827057718327001,0.8804321139209428,0.09532323
0.06827057718327001,0.8805139536786971,0.09531685
0.06840056010824033,0.8805139536786971,0.09518517
0.06840056010824033,0.8806776331942058,0.09517406
0.06854826797752477,0.8806776331942058,0.09502231
0.06854826797752477,0.8807594729519601,0.095008045
0.06857780955138167,0.8807594729519601,0.094981015
0.06857780955138167,0.8808413127097143,0.09498011
0.06860735112523855,0.8808413127097143,0.09494265
0.06860735112523855,0.8809231524674687,0.09493946
0.06867825090249507,0.8809231524674687,0.0948736
0.06867825090249507,0.881004992225223,0.09487204
0.06871960910589472,0.881004992225223,0.094838224
0.06871960910589472,0.8810868319829773,0.094836585
0.06884368371609366,0.8810868319829773,0.09470162
0.06884368371609366,0.881250511498486,0.0946985
0.0688614086604078,0.881250511498486,0.094691396
0.0688614086604078,0.8813323512562403,0.09468179
0.06892640012289294,0.8813323512562403,0.09458486
0.06892640012289294,0.8814141910139947,0.09458345
0.06926908237963286,0.8814141910139947,0.09425058
0.06926908237963286,0.8814960307717489,0.094244435
0.06931634889780387,0.8814960307717489,0.09419863
0.06931634889780387,0.8815778705295032,0.09419678
0.0694167902489173,0.8815778705295032,0.0940712
0.0694167902489173,0.8816597102872575,0.094065554
0.06950541497048797,0.8816597102872575,0.09397887
0.06951723160003072,0.8816597102872575,0.09397644
0.06951723160003072,0.8817415500450119,0.0939641
0.06952904822957348,0.8817415500450119,0.093951955
0.06952904822957348,0.8818233898027662,0.09394684
0.06954677317388762,0.8818233898027662,0.09394002
0.06954677317388762,0.8819052295605205,0.09393706
0.069552681488659,0.8819052295605205,0.09393418
0.069552681488659,0.8819870693182749,0.09390634
0.06956449811820174,0.8819870693182749,0.09389154
0.06956449811820174,0.8821507488337834,0.09388297
0.06957040643297312,0.8821507488337834,0.09388085
0.06957040643297312,0.8822325885915377,0.093858875
0.06961767295114414,0.8822325885915377,0.093809135
0.06961767295114414,0.8823144283492921,0.09380766
0.06972993093180033,0.8823144283492921,0.09370365
0.06972993093180033,0.8823962681070464,0.09370222
0.06983037228291375,0.8823962681070464,0.09362057
0.06983037228291375,0.8824781078648007,0.093620494
0.0700785215033116,0.8824781078648007,0.09334551
0.07009033813285437,0.8824781078648007,0.093343325
0.07014351296579677,0.8824781078648007,0.09326045
0.07014351296579677,0.8825599476225551,0.093254305
0.07024986263168156,0.8825599476225551,0.09315768
0.07024986263168156,0.8826417873803094,0.093149625
0.07030303746462396,0.8826417873803094,0.093109615
0.07030303746462396,0.8827236271380636,0.09310917
0.0703739372418805,0.8827236271380636,0.09304175
0.0703739372418805,0.8828873066535723,0.09303628
0.0705334617407077,0.8828873066535723,0.09286839
0.0705334617407077,0.8829691464113266,0.09286742
0.07055709499979321,0.8829691464113266,0.09283522
0.07055709499979321,0.883050986169081,0.09281855
0.07056891162933597,0.883050986169081,0.092814334
0.07056891162933597,0.8831328259268353,0.092794694
0.07062799477704974,0.8831328259268353,0.092756756
0.07062799477704974,0.8832146656845896,0.09275582
0.07063390309182112,0.8832146656845896,0.092734545
0.07063390309182112,0.8832965054423438,0.09272921
0.07113610984738823,0.8832965054423438,0.0920943
0.07113610984738823,0.8833783452000982,0.09209392
0.07114792647693098,0.8833783452000982,0.09208145
0.07114792647693098,0.8834601849578525,0.09208085
0.07123655119850165,0.8834601849578525,0.09202483
0.07123655119850165,0.8835420247156068,0.092020154
0.07173284963929738,0.8835420247156068,0.09147884
0.07173284963929738,0.8836238644733612,0.09146944
0.07184510761995357,0.8836238644733612,0.091363534
0.07184510761995357,0.8837057042311155,0.091354
0.0720223570630949,0.8837057042311155,0.091233104
0.0720223570630949,0.8837875439888698,0.091221884
0.0721287067289797,0.8837875439888698,0.09110934
0.0721287067289797,0.8838693837466242,0.09110616
0.07230595617212103,0.8838693837466242,0.09093096
0.07230595617212103,0.8839512235043784,0.09092465
0.07234140606074929,0.8839512235043784,0.09090247
0.07234140606074929,0.8840330632621327,0.090891495
0.07238276426414894,0.8840330632621327,0.09087314
0.07238276426414894,0.884114903019887,0.090855464
0.07238867257892032,0.884114903019887,0.09085105
0.07238867257892032,0.8841967427776414,0.09084432
0.07246548067094823,0.8841967427776414,0.09077893
0.07246548067094823,0.8842785825353957,0.09077499
0.07262500516977542,0.8842785825353957,0.09058842
0.07262500516977542,0.88436042229315,0.090585396
0.07264863842886093,0.88436042229315,0.09056643
0.07264863842886093,0.8844422620509044,0.09056549
0.0726604550584037,0.8844422620509044,0.09056316
0.0726604550584037,0.8845241018086586,0.09055826
0.07273726315043161,0.8845241018086586,0.09050002
0.07273726315043161,0.8846059415664129,0.090499274
0.07277862135383124,0.8846059415664129,0.09047331
0.07277862135383124,0.8846877813241673,0.090468995
0.07280816292768813,0.8846877813241673,0.09043961
0.07280816292768813,0.8847696210819216,0.09042918
0.07283770450154503,0.8847696210819216,0.09040784
0.07283770450154503,0.8848514608396759,0.090403415
0.07287315439017329,0.8848514608396759,0.090370916
0.07287315439017329,0.8849333005974303,0.090369485
0.07288497101971604,0.8849333005974303,0.09036402
0.07288497101971604,0.8853424993862018,0.09034748
0.07293223753788707,0.8853424993862018,0.09030677
0.07293223753788707,0.8854243391439561,0.090301104
0.07293814585265844,0.8854243391439561,0.09028942
0.07293814585265844,0.8855061789017105,0.09028607
0.07296768742651534,0.8855061789017105,0.09027171
0.07296768742651534,0.8855880186594648,0.09026862
0.0731094869810284,0.8855880186594648,0.09014347
0.0731094869810284,0.8856698584172191,0.09014015
0.07311539529579977,0.8856698584172191,0.09013495
0.07311539529579977,0.8857516981749735,0.09013248
0.07338126946051178,0.8857516981749735,0.08994707
0.07338126946051178,0.8858335379327277,0.089944795
0.07344626092299693,0.8858335379327277,0.08988369
0.07344626092299693,0.885915377690482,0.08987004
0.07351716070025346,0.885915377690482,0.089827694
0.07351716070025346,0.8859972174482363,0.08982717
0.07355851890365311,0.8859972174482363,0.08980134
0.07357033553319586,0.8859972174482363,0.08979714
0.07359396879228138,0.8859972174482363,0.08977294
0.07359396879228138,0.8860790572059907,0.08976838
0.07371213508770894,0.8860790572059907,0.08969887
0.07371213508770894,0.886160896963745,0.089685455
0.07371804340248031,0.886160896963745,0.089684024
0.07371804340248031,0.8862427367214993,0.08967635
0.07372986003202307,0.8862427367214993,0.08967448
0.07372986003202307,0.8863245764792537,0.089671604
0.07375349329110857,0.8863245764792537,0.08965117
0.07375349329110857,0.8864064162370079,0.08964765
0.07378303486496547,0.8864064162370079,0.089632526
0.07378303486496547,0.8864882559947622,0.089630656
0.07387165958653613,0.8864882559947622,0.089576595
0.07387165958653613,0.8865700957525166,0.08957556
0.07393665104902129,0.8865700957525166,0.08953395
0.07393665104902129,0.8866519355102709,0.089533165
0.07397800925242093,0.8866519355102709,0.089504875
0.07397800925242093,0.8867337752680252,0.08950344
0.0739839175671923,0.8867337752680252,0.08950116
0.0739839175671923,0.8868974547835339,0.089496404
0.07408435891830573,0.8868974547835339,0.08940573
0.07408435891830573,0.8869792945412882,0.08940026
0.07411390049216263,0.8869792945412882,0.08938105
0.07411390049216263,0.8870611342990424,0.08937831
0.07416707532510503,0.8870611342990424,0.089328416
0.07417889195464777,0.8870611342990424,0.08932508
0.07433841645347497,0.8870611342990424,0.08920394
0.07433841645347497,0.8871429740567968,0.08919666
0.07441522454550288,0.8871429740567968,0.08911464
0.07441522454550288,0.8872248138145511,0.08911334
0.07443294948981702,0.8872248138145511,0.08909893
0.07443294948981702,0.8873066535723054,0.089089856
0.07455111578524458,0.8873066535723054,0.08899971
0.07455111578524458,0.8873884933300598,0.088996574
0.074651557136358,0.8873884933300598,0.08889481
0.074651557136358,0.8874703330878141,0.08888901
0.07482880657949934,0.8874703330878141,0.08873073
0.07482880657949934,0.8876340126033226,0.0887084
0.07485243983858485,0.8876340126033226,0.08866468
0.07485243983858485,0.887715852361077,0.08866381
0.07488198141244173,0.887715852361077,0.08864399
0.07488198141244173,0.8877976921188313,0.088640064
0.07489379804198448,0.8877976921188313,0.08863319
0.07489379804198448,0.8878795318765856,0.08862637
0.07489970635675586,0.8878795318765856,0.08861959
0.07489970635675586,0.88796137163434,0.08861755
0.07547872120435088,0.88796137163434,0.088085614
0.07547872120435088,0.8880432113920943,0.088073164
0.0755023544634364,0.8880432113920943,0.08805949
0.0755023544634364,0.8881250511498486,0.088055626
0.07551417109297914,0.8881250511498486,0.088048965
0.07551417109297914,0.888206890907603,0.08804522
0.07553780435206466,0.888206890907603,0.08803224
0.07553780435206466,0.8882887306653572,0.08803174
0.07557325424069293,0.8882887306653572,0.08799715
0.07557325424069293,0.8883705704231115,0.08799481
0.07578004525769115,0.8883705704231115,0.0877749
0.07578004525769115,0.8884524101808658,0.08777241
0.07605182773717453,0.8884524101808658,0.08754593
0.07605182773717453,0.8885342499386202,0.08753116
0.07609909425534554,0.8885342499386202,0.08746145
0.07609909425534554,0.8886160896963745,0.087454945
0.07611681919965968,0.8886160896963745,0.087441966
0.07611681919965968,0.8886979294541288,0.0874398
0.07628225201325826,0.8886979294541288,0.08724217
0.07628225201325826,0.8887797692118832,0.08723816
0.07657175943705577,0.8887797692118832,0.087013304
0.07657175943705577,0.8888616089696374,0.08701122
0.07663675089954092,0.8888616089696374,0.08696233
0.07663675089954092,0.8889434487273917,0.08696034
0.07666038415862643,0.8889434487273917,0.086943775
0.07666038415862643,0.8890252884851461,0.08693236
0.07676673382451124,0.8890252884851461,0.08684314
0.07676673382451124,0.8891071282429004,0.086839296
0.07677264213928262,0.8891071282429004,0.08683624
0.07677264213928262,0.8891889680006547,0.08683554
0.07694398326765257,0.8891889680006547,0.086715154
0.07694398326765257,0.889270807758409,0.086712494
0.0769617082119667,0.889270807758409,0.086700045
0.0769617082119667,0.8893526475161634,0.08669251
0.07699715810059497,0.8893526475161634,0.086674936
0.07699715810059497,0.8894344872739177,0.086670674
0.0770680578778515,0.8894344872739177,0.08661505
0.0770680578778515,0.8895163270316719,0.08661377
0.0771212327107939,0.8895163270316719,0.08657434
0.0771212327107939,0.8895981667894263,0.086573794
0.07721576574713594,0.8895981667894263,0.086497955
0.07721576574713594,0.8896800065471806,0.08649788
0.0772275823766787,0.8896800065471806,0.08648228
0.0772275823766787,0.8897618463049349,0.086480945
0.07729257383916385,0.8897618463049349,0.08644748
0.07729257383916385,0.8898436860626893,0.08644682
0.07741074013459141,0.8898436860626893,0.08633224
0.07741074013459141,0.8899255258204436,0.086331844
0.07743437339367693,0.8899255258204436,0.08630584
0.07743437339367693,0.8900073655781979,0.08630133
0.07754072305956172,0.8900073655781979,0.08621996
0.07754072305956172,0.8900892053359523,0.086218536
0.07767070598453203,0.8900892053359523,0.08612535
0.07767070598453203,0.8901710450937065,0.08611678
0.07771797250270306,0.8901710450937065,0.0860862
0.07771797250270306,0.8902528848514608,0.08608226
0.07803702150035745,0.8902528848514608,0.085845634
0.07803702150035745,0.8903347246092151,0.08583739
0.07810792127761398,0.8903347246092151,0.08579936
0.07810792127761398,0.8904165643669695,0.085794516
0.07811382959238536,0.8904165643669695,0.08577937
0.07812564622192812,0.8904165643669695,0.085773885
0.07820836262872741,0.8904165643669695,0.085714996
0.07822017925827017,0.8904165643669695,0.08571462
0.07836197881278323,0.8904165643669695,0.08556926
0.07836197881278323,0.8904984041247238,0.08556441
0.07852150331161042,0.8904984041247238,0.08546199
0.07852150331161042,0.8905802438824781,0.08546188
0.07852741162638181,0.8905802438824781,0.08545985
0.07852741162638181,0.8906620836402325,0.08545914
0.07861603634795247,0.8906620836402325,0.08539875
0.07861603634795247,0.8907439233979867,0.08539806
0.07887009388312172,0.8907439233979867,0.08524757
0.07887009388312172,0.890825763155741,0.085244395
0.07894099366037825,0.890825763155741,0.08515609
0.07894099366037825,0.8909076029134954,0.08514444
0.07927776760234678,0.8909076029134954,0.08486201
0.07927776760234678,0.8909894426712497,0.08486089
0.07928958423188953,0.8909894426712497,0.084831454
0.07928958423188953,0.891071282429004,0.084829055
0.0793250341205178,0.891071282429004,0.084801145
0.0793250341205178,0.8912349619445127,0.08479663
0.079484558619345,0.8912349619445127,0.08469189
0.079484558619345,0.891316801702267,0.08468276
0.07957909165568705,0.891316801702267,0.0845924
0.07957909165568705,0.8913986414600212,0.08458295
0.0796736246920291,0.8913986414600212,0.084483795
0.0796736246920291,0.8914804812177756,0.084481396
0.07967953300680047,0.8914804812177756,0.0844745
0.07967953300680047,0.8915623209755299,0.0844738
0.07991586559765558,0.8915623209755299,0.084283374
0.07992768222719833,0.8915623209755299,0.08428218
0.08011674829988243,0.8915623209755299,0.084160805
0.08011674829988243,0.8916441607332842,0.0841606
0.08020537302145309,0.8916441607332842,0.08410333
0.08020537302145309,0.8917260004910386,0.08409422
0.08021718965099585,0.8917260004910386,0.08408122
0.08021718965099585,0.8918078402487929,0.08407352
0.080282181113481,0.8918078402487929,0.084033124
0.080282181113481,0.8918896800065472,0.08403287
0.08032944763165202,0.8918896800065472,0.084005944
0.08032944763165202,0.8919715197643014,0.084005
0.0803648975202803,0.8919715197643014,0.08399051
0.0803648975202803,0.8920533595220558,0.08398469
0.0804121640384513,0.8920533595220558,0.08396653
0.0804121640384513,0.8921351992798101,0.08395988
0.0811329784405594,0.8921351992798101,0.08347228
0.0811329784405594,0.8922170390375644,0.08347203
0.08129841125415797,0.8922170390375644,0.083312675
0.08129841125415797,0.8922988787953188,0.083311126
0.08132795282801486,0.8922988787953188,0.083295785
0.08132795282801486,0.8923807185530731,0.083281875
0.0813988526052714,0.8923807185530731,0.08324377
0.0813988526052714,0.8924625583108274,0.08323685
0.08142248586435691,0.8924625583108274,0.08322572
0.08142248586435691,0.8925443980685818,0.08322244
0.0814520274382138,0.8925443980685818,0.08320726
0.0814520274382138,0.892626237826336,0.08320542
0.08157019373364136,0.892626237826336,0.0830984
0.08157019373364136,0.8927080775840903,0.083090276
0.08165881845521201,0.8927080775840903,0.08305753
0.08165881845521201,0.8927899173418447,0.08305093
0.08167063508475478,0.8927899173418447,0.08304
0.08167063508475478,0.892871757099599,0.08303836
0.08172971823246855,0.892871757099599,0.083013855
0.08172971823246855,0.8929535968573533,0.08301273
0.08186560947221024,0.8929535968573533,0.08291119
0.08186560947221024,0.8930354366151076,0.082908235
0.081877426101753,0.8930354366151076,0.082899556
0.08188924273129575,0.8930354366151076,0.08289343
0.0820369506005802,0.8930354366151076,0.08280214
0.0820369506005802,0.893117276372862,0.082801834
0.08204285891535157,0.893117276372862,0.08279973
0.08204285891535157,0.8931991161306162,0.082797594
0.08207830880397984,0.8931991161306162,0.082760535
0.08207830880397984,0.8932809558883705,0.08275972
0.08209603374829397,0.8932809558883705,0.082746044
0.08209603374829397,0.8933627956461249,0.08273193
0.08226737487666393,0.8933627956461249,0.082593925
0.08226737487666393,0.8934446354038792,0.082593195
0.08232645802437771,0.8934446354038792,0.08256267
0.08232645802437771,0.8935264751616335,0.082561895
0.08237963285732011,0.8935264751616335,0.082536
0.08237963285732011,0.8936083149193879,0.08253266
0.08272822342883139,0.8936083149193879,0.08229121
0.08272822342883139,0.8936901546771422,0.082279146
0.08279912320608793,0.8936901546771422,0.08221468
0.08279912320608793,0.8937719944348965,0.08221461
0.08287593129811584,0.8937719944348965,0.08216014
0.08287593129811584,0.8938538341926507,0.08215738
0.0828877479276586,0.8938538341926507,0.08214322
0.0828877479276586,0.8939356739504051,0.08212956
0.08294683107537237,0.8939356739504051,0.08206757
0.08294683107537237,0.8940175137081594,0.0820631
0.08298818927877201,0.8940175137081594,0.08201963
0.08298818927877201,0.8940993534659137,0.082016654
0.08339586299799708,0.8940993534659137,0.08171368
0.08339586299799708,0.8941811932236681,0.081711754
0.08341949625708259,0.8941811932236681,0.08169357
0.08341949625708259,0.8942630329814224,0.08168167
0.08347267109002499,0.8942630329814224,0.08164323
0.08348448771956775,0.8942630329814224,0.0816423
0.08396306121604935,0.8942630329814224,0.08135418
0.0839748778455921,0.8942630329814224,0.08135282
0.08401623604899175,0.8942630329814224,0.08132826
0.08401623604899175,0.8943448727391767,0.08132558
0.0845066261750161,0.8943448727391767,0.08101119
0.0845066261750161,0.8944267124969311,0.08100677
0.0846661506738433,0.8944267124969311,0.080915645
0.0846661506738433,0.8945085522546853,0.08090994
0.0850915493373825,0.8945085522546853,0.080522925
0.0850915493373825,0.8945903920124396,0.08052001
0.08512699922601076,0.8945903920124396,0.080489025
0.08512699922601076,0.894672231770194,0.0804834
0.08513881585555352,0.894672231770194,0.080480434
0.08513881585555352,0.8947540715279483,0.08047934
0.08528652372483797,0.8947540715279483,0.08031583
0.08528652372483797,0.8948359112857026,0.080315374
0.08569419744406304,0.8948359112857026,0.08004775
0.08569419744406304,0.8949177510434569,0.080035664
0.08590689677583263,0.8949177510434569,0.07990768
0.08590689677583263,0.8949995908012113,0.07990459
0.08605460464511708,0.8949995908012113,0.07981351
0.08605460464511708,0.8950814305589655,0.07980943
0.0861018711632881,0.8950814305589655,0.07978356
0.0861018711632881,0.8951632703167198,0.07978226
0.08618458757008739,0.8951632703167198,0.07971112
0.08618458757008739,0.8952451100744742,0.07971052
0.08622003745871565,0.8952451100744742,0.07967663
0.08622003745871565,0.8953269498322285,0.079674885
0.08653317814159867,0.8953269498322285,0.07945119
0.08653908645637005,0.8954087895899828,0.079450525
0.08679905230631067,0.8954087895899828,0.07930623
0.08679905230631067,0.8954906293477372,0.079301074
0.08715945950736471,0.8954906293477372,0.07910765
0.08715945950736471,0.8955724691054915,0.07910162
0.08720672602553574,0.8955724691054915,0.07908226
0.08720672602553574,0.8956543088632458,0.07908004
0.08736625052436293,0.8956543088632458,0.07900333
0.08736625052436293,0.895736148621,0.078995086
0.08745487524593361,0.895736148621,0.07893123
0.08745487524593361,0.8958179883787544,0.078926444
0.08754349996750427,0.8958179883787544,0.07886677
0.08754349996750427,0.8958998281365087,0.07886105
0.08772665772541698,0.8958998281365087,0.078752205
0.08773847435495974,0.8958998281365087,0.078751944
0.0878270990765304,0.8958998281365087,0.07868434
0.0878270990765304,0.895981667894263,0.07868109
0.08784482402084454,0.895981667894263,0.07866412
0.08784482402084454,0.8960635076520174,0.07866159
0.08789209053901556,0.8960635076520174,0.07864451
0.08789209053901556,0.8961453474097717,0.0786439
0.08790390716855831,0.8961453474097717,0.07864363
0.08822886448098409,0.8961453474097717,0.07846508
0.08822886448098409,0.896227187167526,0.07846136
0.0886010883115809,0.896227187167526,0.07826532
0.0886010883115809,0.8963090269252802,0.07826211
0.08866607977406604,0.8963090269252802,0.078208975
0.08866607977406604,0.8963908666830346,0.07820457
0.08871334629223707,0.8963908666830346,0.07819417
0.08871334629223707,0.8964727064407889,0.078193575
0.08871925460700844,0.8964727064407889,0.078188606
0.08871925460700844,0.8965545461985432,0.07818513
0.08890832067969254,0.8965545461985432,0.07801162
0.08890832067969254,0.8966363859562976,0.0780091
0.08905602854897697,0.8966363859562976,0.077953145
0.08905602854897697,0.8967182257140519,0.07794968
0.08907375349329111,0.8967182257140519,0.07794064
0.08907375349329111,0.8968000654718062,0.07793862
0.08967049328520026,0.8968000654718062,0.07762756
0.08967049328520026,0.8968819052295606,0.07762735
0.08993045913514089,0.8968819052295606,0.0775175
0.08993636744991226,0.8969637449873148,0.07751496
0.09001908385671155,0.8969637449873148,0.07746595
0.09001908385671155,0.8970455847450691,0.07745964
0.09002499217148292,0.8970455847450691,0.07745889
0.09002499217148292,0.8971274245028235,0.07745612
0.09004271711579706,0.8971274245028235,0.07744819
0.09004271711579706,0.8972092642605778,0.077447444
0.09023769150325253,0.8972092642605778,0.07730689
0.09024950813279528,0.8972092642605778,0.07730318
0.09027314139188079,0.8972092642605778,0.07729485
0.09027314139188079,0.8972911040183321,0.07729298
0.09049174903842178,0.8972911040183321,0.07714415
0.09049174903842178,0.8973729437760865,0.07714049
0.09096441422013199,0.8973729437760865,0.07687237
0.09096441422013199,0.897536623291595,0.07686283
0.0910412223121599,0.897536623291595,0.076844394
0.09105303894170266,0.897536623291595,0.07684422
0.09111212208941644,0.897536623291595,0.076821834
0.09111212208941644,0.8976184630493493,0.0768111
0.0913602713098143,0.8976184630493493,0.07665905
0.0913602713098143,0.8977003028071037,0.076655075
0.09140753782798533,0.8977003028071037,0.076625176
0.09140753782798533,0.897782142564858,0.076624304
0.0915197958086415,0.897782142564858,0.07655633
0.09153161243818425,0.897782142564858,0.076553516
0.09155524569726976,0.897782142564858,0.07652433
0.09155524569726976,0.8978639823226123,0.07652288
0.09159660390066941,0.8978639823226123,0.07650166
0.09160842053021216,0.8978639823226123,0.07650081
0.0916261454745263,0.8978639823226123,0.076494955
0.0916261454745263,0.8979458220803667,0.07648909
0.09202200256420862,0.8979458220803667,0.07628092
0.09202200256420862,0.898027661838121,0.07627709
0.09202791087897999,0.898027661838121,0.076273896
0.09202791087897999,0.8981095015958753,0.076267734
0.09211062728577928,0.8981095015958753,0.07620091
0.09211062728577928,0.8981913413536295,0.076195635
0.09241785965389092,0.8981913413536295,0.07604251
0.09241785965389092,0.8982731811113839,0.076042175
0.0924474012277478,0.8982731811113839,0.07603292
0.0924474012277478,0.8983550208691382,0.07601939
0.0925537508936326,0.8983550208691382,0.07593749
0.0925537508936326,0.8984368606268925,0.075935185
0.09271918370723119,0.8984368606268925,0.07584485
0.09271918370723119,0.8985187003846469,0.075840384
0.09274872528108807,0.8985187003846469,0.07582319
0.09274872528108807,0.8986005401424012,0.07581447
0.09292597472422941,0.8986005401424012,0.07568052
0.09292597472422941,0.8986823799001555,0.07568035
0.09306186596397109,0.8986823799001555,0.07560932
0.09307368259351385,0.8986823799001555,0.07560718
0.0930854992230566,0.8986823799001555,0.075602666
0.0930854992230566,0.8987642196579098,0.07560188
0.09338682327639687,0.8987642196579098,0.07543749
0.09338682327639687,0.8988460594156641,0.07543077
0.09346953968319616,0.8988460594156641,0.075369745
0.09346953968319616,0.8989278991734184,0.075367115
0.09368223901496577,0.8989278991734184,0.07527418
0.09368223901496577,0.8990097389311728,0.07527184
0.09374132216267954,0.8990097389311728,0.07524386
0.09374132216267954,0.8990915786889271,0.07524336
0.0939126632910495,0.8990915786889271,0.07516376
0.0939126632910495,0.8991734184466814,0.075159915
0.09394220486490638,0.8991734184466814,0.07513801
0.09394220486490638,0.8992552582044357,0.075136766
0.09400128801262016,0.8992552582044357,0.075093664
0.09400128801262016,0.8993370979621901,0.07509098
0.09413717925236186,0.8993370979621901,0.07499182
0.09413717925236186,0.8994189377199443,0.0749917
0.09416081251144735,0.8994189377199443,0.07498343
0.09416081251144735,0.8995007774776986,0.07497791
0.09420807902961838,0.8995007774776986,0.074965864
0.09420807902961838,0.899582617235453,0.074962586
0.0943085203807318,0.899582617235453,0.074907124
0.0943085203807318,0.8996644569932073,0.07490224
0.09438532847275971,0.8996644569932073,0.07484497
0.09438532847275971,0.8997462967509616,0.07484482
0.09443259499093073,0.8997462967509616,0.07480208
0.09443259499093073,0.899828136508716,0.0747904
0.09447395319433038,0.899828136508716,0.07474829
0.09447395319433038,0.8999099762664703,0.074747816
0.09453303634204416,0.8999099762664703,0.07471118
0.09453303634204416,0.8999918160242246,0.07470921
0.09463938600792896,0.8999918160242246,0.07464051
0.09463938600792896,0.9000736557819788,0.07461275
0.09469846915564274,0.9000736557819788,0.07458033
0.09469846915564274,0.9001554955397332,0.07457368
0.09505887635669678,0.9001554955397332,0.074345715
0.09505887635669678,0.9002373352974875,0.07434047
0.09506478467146816,0.9002373352974875,0.07433755
0.09506478467146816,0.9003191750552418,0.07433377
0.09533065883618015,0.9003191750552418,0.07417765
0.09533065883618015,0.9004010148129962,0.07417712
0.09535429209526566,0.9004010148129962,0.074164845
0.09535429209526566,0.9004828545707505,0.07416373
0.0954251918725222,0.9004828545707505,0.074127
0.0954251918725222,0.9005646943285048,0.07411666
0.09544291681683634,0.9005646943285048,0.07410795
0.09544291681683634,0.900646534086259,0.07410364
0.09550790827932149,0.900646534086259,0.07408077
0.09550790827932149,0.9007283738440134,0.07407871
0.09551972490886425,0.9007283738440134,0.07406517
0.09551972490886425,0.9008102136017677,0.074060515
0.0956615244633773,0.9008102136017677,0.074011795
0.0956615244633773,0.900892053359522,0.07401068
0.09580332401789038,0.900892053359522,0.07393846
0.09580332401789038,0.9009738931172764,0.07393524
0.09586831548037553,0.9009738931172764,0.073913306
0.09586831548037553,0.9010557328750307,0.07391042
0.09596875683148895,0.9010557328750307,0.073840275
0.09596875683148895,0.901137572632785,0.07383375
0.09609283144168788,0.901137572632785,0.07377678
0.09609283144168788,0.9012194123905394,0.073776044
0.09635870560639989,0.9012194123905394,0.073647454
0.09635870560639989,0.9013012521482936,0.07364466
0.09658322156771224,0.9013012521482936,0.07350977
0.09658322156771224,0.9013830919060479,0.07350651
0.09676047101085357,0.9013830919060479,0.07344112
0.09676047101085357,0.9014649316638023,0.073432975
0.09677228764039633,0.9014649316638023,0.07341906
0.09677228764039633,0.9015467714215566,0.07341716
0.09680182921425322,0.9015467714215566,0.07339308
0.09680182921425322,0.9016286111793109,0.07339251
0.09689636225059527,0.9016286111793109,0.07334474
0.09689636225059527,0.9017104509370653,0.073340654
0.09730403596982033,0.9017104509370653,0.07310239
0.09730403596982033,0.9017922906948196,0.07310208
0.09788305081741534,0.9017922906948196,0.072794415
0.09788305081741534,0.9018741304525738,0.07279377
0.09797167553898602,0.9018741304525738,0.07274204
0.09797167553898602,0.9019559702103281,0.072741486
0.09801303374238567,0.9019559702103281,0.07271673
0.09801303374238567,0.9020378099680825,0.07271663
0.09802485037192842,0.9020378099680825,0.07270277
0.09802485037192842,0.9021196497258368,0.0727019
0.0980543919457853,0.9021196497258368,0.07269297
0.09806620857532806,0.9021196497258368,0.07269033
0.09819619150029837,0.9021196497258368,0.07262816
0.09819619150029837,0.9022014894835911,0.07262757
0.09840889083206797,0.9022014894835911,0.07251715
0.09840889083206797,0.9022833292413455,0.072512664
0.0989288225319492,0.9022833292413455,0.07228027
0.0989288225319492,0.9023651689990998,0.07227791
0.09899381399443437,0.9023651689990998,0.07224818
0.09899381399443437,0.9024470087568541,0.07224738
0.09905289714214814,0.9024470087568541,0.07220901
0.0990647137716909,0.9024470087568541,0.07220766
0.09913561354894744,0.9024470087568541,0.072183274
0.09913561354894744,0.9025288485146084,0.072177224
0.09917697175234708,0.9025288485146084,0.07215998
0.09917697175234708,0.9026106882723627,0.072149575
0.09930104636254601,0.9026106882723627,0.072087295
0.09930104636254601,0.902692528030117,0.072078004
0.09940148771365943,0.902692528030117,0.07201976
0.09940148771365943,0.9027743677878713,0.07201868
0.09946057086137321,0.9027743677878713,0.07198347
0.09946057086137321,0.9028562075456257,0.0719797
0.09954328726817249,0.9028562075456257,0.071946375
0.09954328726817249,0.90293804730338,0.07194551
0.09983870300674139,0.90293804730338,0.07178151
0.09983870300674139,0.9030198870611343,0.07177692
0.09985051963628415,0.9030198870611343,0.071774125
0.09985051963628415,0.9031017268188886,0.07176412
0.09996277761694032,0.9031017268188886,0.071706615
0.09996277761694032,0.9031835665766429,0.07169296
0.09999822750556858,0.9031835665766429,0.07166563
0.09999822750556858,0.9032654063343972,0.07166486
0.10042953448387916,0.9032654063343972,0.07146388
0.10042953448387916,0.9033472460921516,0.07146358
0.1006067839270205,0.9033472460921516,0.07136805
0.1006067839270205,0.9034290858499059,0.071351856
0.10070722527813392,0.9034290858499059,0.07130232
0.10070722527813392,0.9035109256076602,0.071299106
0.10082539157356148,0.9035109256076602,0.07122728
0.10082539157356148,0.9035927653654146,0.07122649
0.1008431165178756,0.9035927653654146,0.071215
0.1008431165178756,0.9036746051231689,0.07121487
0.10113262394167312,0.9036746051231689,0.07105513
0.10113262394167312,0.9037564448809231,0.07105302
0.10128033181095757,0.9037564448809231,0.070988655
0.10128033181095757,0.9038382846386774,0.07098516
0.1013748648472996,0.9038382846386774,0.07095721
0.1013748648472996,0.9039201243964318,0.07095709
0.10145167293932751,0.9039201243964318,0.07092393
0.10146348956887027,0.9039201243964318,0.07092307
0.10149303114272716,0.9039201243964318,0.07090898
0.10149303114272716,0.9040019641541861,0.07090854
0.10159347249384058,0.9040019641541861,0.070875935
0.10159347249384058,0.9040838039119404,0.07087469
0.10204841273123667,0.9040838039119404,0.070666276
0.10204841273123667,0.9041656436696948,0.07066524
0.1020956792494077,0.9041656436696948,0.070646174
0.10210749587895045,0.9041656436696948,0.07064401
0.10213703745280733,0.9041656436696948,0.07062756
0.10213703745280733,0.9042474834274491,0.07062537
0.10260970263451756,0.9042474834274491,0.07037797
0.10262151926406031,0.9042474834274491,0.070373386
0.10269832735608822,0.9042474834274491,0.07030699
0.10269832735608822,0.9043293231852034,0.07030631
0.10285785185491542,0.9043293231852034,0.07020956
0.10285785185491542,0.9044111629429576,0.07020353
0.10303510129805675,0.9044111629429576,0.07010091
0.10303510129805675,0.904493002700712,0.0700889
0.10305282624237089,0.904493002700712,0.0700795
0.10305873455714226,0.9045748424584663,0.070074685
0.10347822490591009,0.9045748424584663,0.06983541
0.10347822490591009,0.9046566822162206,0.06983479
0.10349004153545284,0.9046566822162206,0.06983103
0.10349004153545284,0.904738521973975,0.06983075
0.10359048288656626,0.904738521973975,0.0697598
0.10359048288656626,0.9048203617317293,0.06975878
0.10366729097859417,0.9048203617317293,0.06974046
0.10367910760813694,0.9048203617317293,0.069736846
0.10370864918199382,0.9048203617317293,0.0697244
0.10370864918199382,0.9049022014894836,0.06972119
0.10386817368082102,0.9049022014894836,0.069630474
0.10386817368082102,0.9049840412472379,0.069629855
0.10418722267847542,0.9049840412472379,0.06946727
0.10418722267847542,0.9050658810049922,0.06946345
0.10422267256710369,0.9050658810049922,0.069444306
0.10422267256710369,0.9051477207627465,0.06944215
0.10445900515795879,0.9051477207627465,0.069326445
0.10445900515795879,0.9052295605205009,0.06932032
0.1047780541556132,0.9052295605205009,0.06919037
0.10478987078515595,0.9052295605205009,0.0691896
0.10479577909992732,0.9052295605205009,0.0691887
0.10479577909992732,0.9053114002782552,0.06918501
0.10504392832032519,0.9053114002782552,0.069080405
0.10504392832032519,0.9053932400360095,0.06907777
0.10520936113392378,0.9053932400360095,0.06898246
0.10520936113392378,0.9054750797937638,0.06897057
0.10527435259640892,0.9054750797937638,0.06895257
0.10527435259640892,0.9055569195515182,0.068952255
0.10577065103720466,0.9055569195515182,0.06871454
0.10577065103720466,0.9056387593092724,0.06871446
0.10597744205420288,0.9056387593092724,0.06861223
0.10598925868374563,0.9056387593092724,0.068609275
0.10613696655303008,0.9056387593092724,0.06852261
0.10613696655303008,0.9057205990670267,0.0685206
0.10617241644165834,0.9057205990670267,0.06850875
0.1061842330712011,0.9057205990670267,0.06850587
0.10626694947800039,0.9057205990670267,0.06847014
0.10626694947800039,0.9058024388247811,0.06846334
0.10628467442231453,0.9058024388247811,0.06845282
0.10628467442231453,0.9058842785825354,0.06845152
0.10651509869839826,0.9058842785825354,0.068328775
0.10651509869839826,0.9059661183402897,0.06832844
0.10697003893579435,0.9059661183402897,0.06810973
0.10697003893579435,0.9060479580980441,0.06810916
0.1072477297300491,0.9060479580980441,0.06795663
0.1072477297300491,0.9061297978557984,0.06795591
0.10758450367201763,0.9061297978557984,0.06778518
0.10758450367201763,0.9062116376135526,0.06778309
0.10809261874235612,0.9062116376135526,0.067567825
0.10809261874235612,0.9062934773713069,0.06756565
0.10825805155595469,0.9062934773713069,0.06749817
0.10825805155595469,0.9063753171290613,0.06749577
0.1082816848150402,0.9063753171290613,0.06748623
0.1082816848150402,0.9064571568868156,0.06748428
0.10836440122183949,0.9064571568868156,0.06745392
0.10836440122183949,0.9065389966445699,0.06744827
0.10840575942523914,0.9065389966445699,0.06742589
0.10841757605478189,0.9065389966445699,0.06742054
0.10842939268432465,0.9065389966445699,0.06741829
0.10842939268432465,0.9066208364023243,0.0674181
0.1084943841468098,0.9066208364023243,0.067380905
0.10850620077635256,0.9066208364023243,0.06738015
0.10856528392406634,0.9066208364023243,0.067348205
0.10856528392406634,0.9067026761600786,0.06734735
0.10863618370132287,0.9067026761600786,0.06731432
0.10863618370132287,0.9067845159178329,0.06731411
0.10874844168197904,0.9067845159178329,0.06724838
0.10874844168197904,0.9068663556755872,0.06724499
0.10877207494106456,0.9068663556755872,0.067229874
0.10877207494106456,0.9069481954333415,0.06722303
0.10888433292172074,0.9069481954333415,0.067159005
0.10888433292172074,0.9070300351910958,0.067158975
0.10897886595806278,0.9070300351910958,0.0671292
0.10897886595806278,0.9071118749488501,0.06712302
0.10899068258760554,0.9071118749488501,0.067107886
0.10899068258760554,0.9071937147066045,0.067104824
0.10908521562394759,0.9071937147066045,0.067056194
0.10908521562394759,0.9072755544643588,0.06705375
0.10935108978865958,0.9072755544643588,0.06691443
0.10935108978865958,0.9073573942221131,0.066912524
0.10949288934317265,0.9073573942221131,0.066845216
0.10949288934317265,0.9074392339798674,0.06684114
0.10978830508174153,0.9074392339798674,0.066684484
0.1098001217112843,0.9074392339798674,0.06668019
0.11016643722710971,0.9074392339798674,0.066477686
0.11016643722710971,0.9075210737376217,0.06647624
0.11021370374528074,0.9075210737376217,0.06644979
0.11021370374528074,0.907602913495376,0.0664488
0.11037322824410793,0.907602913495376,0.06634496
0.11037322824410793,0.9076847532531304,0.06634317
0.11066864398267683,0.9076847532531304,0.06622156
0.11066864398267683,0.9077665930108847,0.06621882
0.11068046061221957,0.9077665930108847,0.06621613
0.11068046061221957,0.907848432768639,0.06621487
0.11089315994398917,0.907848432768639,0.06609749
0.11089315994398917,0.9079302725263934,0.066089146
0.1110172345541881,0.9079302725263934,0.06602813
0.1110172345541881,0.9080121122841477,0.06602807
0.11117085073824393,0.9080121122841477,0.065963574
0.11117085073824393,0.9080939520419019,0.06596327
0.11117675905301531,0.9080939520419019,0.065960295
0.11117675905301531,0.9081757917996562,0.06595642
0.11146035816204145,0.9081757917996562,0.06582357
0.1114721747915842,0.9081757917996562,0.06582319
0.1116021577165545,0.9081757917996562,0.06575999
0.1116021577165545,0.9082576315574106,0.06575595
0.11180304041878135,0.9082576315574106,0.065681174
0.11180304041878135,0.9083394713151649,0.06567643
0.11203346469486508,0.9083394713151649,0.06554757
0.11203346469486508,0.9084213110729192,0.065543905
0.11218117256414953,0.9084213110729192,0.065488696
0.11218117256414953,0.9085031508306736,0.06548711
0.1123466053777481,0.9085031508306736,0.06541763
0.1123466053777481,0.9085849905884279,0.06541009
0.112376146951605,0.9085849905884279,0.065397635
0.112376146951605,0.9086668303461822,0.0653971
0.11310877798325583,0.9086668303461822,0.06507476
0.11310877798325583,0.9087486701039365,0.065068446
0.11362870968313708,0.9087486701039365,0.06486438
0.11362870968313708,0.9088305098616908,0.06484775
0.1137823258671929,0.9088305098616908,0.06479305
0.1137823258671929,0.9089123496194451,0.06479262
0.11382959238536393,0.9089123496194451,0.064764194
0.11382959238536393,0.9089941893771994,0.06475479
0.11407774160576178,0.9089941893771994,0.0646496
0.11407774160576178,0.9090760291349538,0.064649396
0.11418409127164658,0.9090760291349538,0.064595796
0.11418409127164658,0.9091578688927081,0.06459302
0.11419590790118934,0.9091578688927081,0.064589456
0.11419590790118934,0.9092397086504624,0.064584315
0.11475128948969886,0.9092397086504624,0.064346015
0.11475128948969886,0.9093215484082167,0.06434589
0.11482809758172677,0.9093215484082167,0.06431004
0.11482809758172677,0.909403388165971,0.06430918
0.11487536409989779,0.909403388165971,0.064290255
0.11488718072944054,0.909403388165971,0.06428881
0.1151116966907529,0.909403388165971,0.064133175
0.1151116966907529,0.9094852279237253,0.06413257
0.115348029281608,0.9094852279237253,0.06400924
0.115348029281608,0.9095670676814797,0.064008676
0.11542483737363592,0.9095670676814797,0.06395424
0.11542483737363592,0.909648907439234,0.06395151
0.11544847063272143,0.909648907439234,0.06394303
0.11544847063272143,0.9097307471969883,0.063942455
0.11620473492345779,0.9097307471969883,0.06365855
0.11620473492345779,0.9098125869547427,0.06365741
0.11621655155300054,0.9098125869547427,0.06365352
0.11621655155300054,0.909894426712497,0.06365041
0.1162283681825433,0.909894426712497,0.06364506
0.1162283681825433,0.9099762664702512,0.06364298
0.11624018481208605,0.9099762664702512,0.063641176
0.11625200144162881,0.9099762664702512,0.06364022
0.11635244279274222,0.9099762664702512,0.063583165
0.11635244279274222,0.9100581062280055,0.06358302
0.1164410675143129,0.9100581062280055,0.063554645
0.1164410675143129,0.9101399459857599,0.06355055
0.11652969223588355,0.9101399459857599,0.063510574
0.11654150886542632,0.9101399459857599,0.06350905
0.11657695875405458,0.9101399459857599,0.06349039
0.11657695875405458,0.9102217857435142,0.063487716
0.1167305749381104,0.9102217857435142,0.06343484
0.1167305749381104,0.9103036255012685,0.06343331
0.11681919965968107,0.9103036255012685,0.063387714
0.11681919965968107,0.9103854652590229,0.063386
0.11690782438125173,0.9103854652590229,0.06334846
0.11690782438125173,0.9104673050167772,0.06334218
0.11706734888007894,0.9104673050167772,0.06325126
0.11706734888007894,0.9105491447745314,0.063250355
0.11709098213916444,0.9105491447745314,0.063234195
0.11709098213916444,0.9106309845322857,0.06323405
0.11715006528687823,0.9106309845322857,0.06319952
0.11715006528687823,0.9107128242900401,0.063199416
0.11717960686073511,0.9107128242900401,0.06318715
0.11717960686073511,0.9107946640477944,0.06318471
0.117475022599304,0.9107946640477944,0.063041836
0.117475022599304,0.9108765038055487,0.06304073
0.11767590530153084,0.9108765038055487,0.06293098
0.11767590530153084,0.9109583435633031,0.0629238
0.11775862170833014,0.9109583435633031,0.06288661
0.11777043833787289,0.9109583435633031,0.06288476
0.11826082846389724,0.9109583435633031,0.062691085
0.11826082846389724,0.9111220230788117,0.0626881
0.11842035296272445,0.9111220230788117,0.06260813
0.11842035296272445,0.9112857025943203,0.06260505
0.11855624420246613,0.9112857025943203,0.062547624
0.11855624420246613,0.9113675423520746,0.062546775
0.118804393422864,0.9113675423520746,0.06242088
0.118804393422864,0.911449382109829,0.062420335
0.11888710982966329,0.911449382109829,0.06238839
0.11888710982966329,0.9115312218675833,0.062386546
0.11905845095803325,0.9115312218675833,0.062329415
0.11905845095803325,0.9116130616253376,0.062329195
0.11940113321477315,0.9116130616253376,0.062145144
0.11940113321477315,0.911694901383092,0.06214264
0.11964337412039963,0.911694901383092,0.062037606
0.11964337412039963,0.9117767411408462,0.062036857
0.11972609052719893,0.9117767411408462,0.06201573
0.11972609052719893,0.9118585808986005,0.062008433
0.11980289861922684,0.9118585808986005,0.06196213
0.11980289861922684,0.9119404206563548,0.061956525
0.12010422267256711,0.9119404206563548,0.06181548
0.12010422267256711,0.9121041001718635,0.061808564
0.12014558087596675,0.9121041001718635,0.06179297
0.12014558087596675,0.9121859399296178,0.06179281
0.1202401139123088,0.9121859399296178,0.06176078
0.1202401139123088,0.9122677796873722,0.0617592
0.12041145504067875,0.9122677796873722,0.06170137
0.12041145504067875,0.9124314592028807,0.061695877
0.12053552965087767,0.9124314592028807,0.061652843
0.12053552965087767,0.912513298960635,0.061652582
0.12084276201898933,0.912513298960635,0.06152806
0.12084276201898933,0.9125951387183894,0.061519038
0.12094911168487413,0.9125951387183894,0.061472412
0.12094911168487413,0.9126769784761437,0.061472036
0.12113817775755821,0.9126769784761437,0.06139804
0.12113817775755821,0.912758818233898,0.061397076
0.1211677193314151,0.912758818233898,0.061375096
0.1211677193314151,0.9128406579916524,0.061370376
0.12122680247912888,0.9128406579916524,0.061340306
0.12122680247912888,0.9129224977494067,0.06133932
0.1212977022563854,0.9129224977494067,0.061310023
0.12130951888592817,0.9129224977494067,0.061308302
0.12133315214501368,0.9129224977494067,0.0613023
0.12133315214501368,0.9130043375071609,0.061302137
0.12142768518135572,0.9130043375071609,0.061268497
0.12142768518135572,0.9130861772649153,0.061262913
0.12167583440175359,0.9130861772649153,0.061169326
0.12167583440175359,0.9131680170226696,0.06116915
0.12169355934606772,0.9131680170226696,0.06116608
0.12169355934606772,0.9132498567804239,0.061160415
0.1218058173267239,0.9132498567804239,0.061099347
0.12181172564149528,0.9133316965381783,0.0610929
0.12203033328803625,0.9133316965381783,0.061000135
0.12203033328803625,0.9134135362959326,0.060998306
0.1221248663243783,0.9134135362959326,0.060961127
0.1221248663243783,0.9134953760536869,0.060959242
0.12220758273117759,0.9134953760536869,0.06091749
0.12220758273117759,0.9135772158114412,0.060904834
0.12223712430503447,0.9135772158114412,0.060891606
0.12223712430503447,0.9136590555691955,0.060887992
0.12242619037771857,0.9136590555691955,0.060786817
0.12242619037771857,0.9137408953269498,0.06078345
0.12291658050374292,0.9137408953269498,0.060553268
0.12292839713328567,0.9137408953269498,0.06055103
0.12299338859577083,0.9137408953269498,0.060536824
0.12299338859577083,0.9138227350847041,0.060536306
0.12301702185485634,0.9138227350847041,0.060529526
0.12301702185485634,0.9139045748424585,0.060526367
0.12346014546270967,0.9139045748424585,0.06036785
0.12346014546270967,0.9139864146002128,0.06036076
0.12346605377748104,0.9139864146002128,0.06035714
0.12346605377748104,0.9140682543579671,0.060353354
0.12380282771944959,0.9140682543579671,0.060233343
0.12380282771944959,0.9141500941157215,0.060232047
0.12381464434899234,0.9141500941157215,0.06022977
0.12381464434899234,0.9142319338734758,0.06022948
0.12387372749670611,0.9142319338734758,0.06020795
0.12387372749670611,0.91431377363123,0.060207516
0.124435017399987,0.91431377363123,0.059946094
0.124435017399987,0.9143956133889843,0.059946045
0.12493131584078274,0.9143956133889843,0.05972857
0.12494313247032549,0.9143956133889843,0.059719093
0.12494904078509687,0.9143956133889843,0.059718914
0.12496085741463962,0.9143956133889843,0.059717752
0.12513219854300958,0.9143956133889843,0.05964098
0.12513219854300958,0.9144774531467387,0.059636768
0.12527399809752265,0.9144774531467387,0.059589613
0.12527399809752265,0.914559292904493,0.059583265
0.12553396394746327,0.914559292904493,0.059483983
0.12554578057700602,0.914559292904493,0.05948371
0.12559895540994842,0.914559292904493,0.059467882
0.12559895540994842,0.9146411326622473,0.05946691
0.1256580385576622,0.9146411326622473,0.059440617
0.1256580385576622,0.9147229724200017,0.059436817
0.12566394687243357,0.9147229724200017,0.059431683
0.12566394687243357,0.914804812177756,0.059425
0.12568167181674772,0.914804812177756,0.059421297
0.12568167181674772,0.9148866519355102,0.059417706
0.12611888710982966,0.9148866519355102,0.059253555
0.12611888710982966,0.9149684916932646,0.05924473
0.12620751183140033,0.9149684916932646,0.059197087
0.12620751183140033,0.9150503314510189,0.059195403
0.1262370534052572,0.9150503314510189,0.059188973
0.1262370534052572,0.9151321712087732,0.059187144
0.12641430284839855,0.9151321712087732,0.059116982
0.12641430284839855,0.9152140109665275,0.05911624
0.12660927723585402,0.9152140109665275,0.05902747
0.12660927723585402,0.9152958507242819,0.059024673
0.12663291049493952,0.9152958507242819,0.059019428
0.12663291049493952,0.9153776904820362,0.059016816
0.12695786780736532,0.9153776904820362,0.05887137
0.12695786780736532,0.9154595302397905,0.058870275
0.12697559275167944,0.9154595302397905,0.05885799
0.1269874093812222,0.9154595302397905,0.05885529
0.12699922601076494,0.9154595302397905,0.05885331
0.12699922601076494,0.9155413699975448,0.058852974
0.1271705671391349,0.9155413699975448,0.05878235
0.1271705671391349,0.9156232097552991,0.058780406
0.1280981725582412,0.9156232097552991,0.05838717
0.1280981725582412,0.9157050495130534,0.058381688
0.12812771413209811,0.9157050495130534,0.05837528
0.12812771413209811,0.9157868892708078,0.058375213
0.1282872386309253,0.9157868892708078,0.058306582
0.1282872386309253,0.9158687290285621,0.058305953
0.12849402964792353,0.9158687290285621,0.058209654
0.12849402964792353,0.9159505687863164,0.058208793
0.12864764583197935,0.9159505687863164,0.05815861
0.12864764583197935,0.9160324085440708,0.0581569
0.12878353707172102,0.9160324085440708,0.05808404
0.12878353707172102,0.916114248301825,0.058078147
0.12904350292166167,0.916114248301825,0.057977334
0.12904350292166167,0.9161960880595793,0.057974715
0.1291912107909461,0.9161960880595793,0.05790123
0.1291912107909461,0.9162779278173336,0.057899684
0.12960479282494256,0.9162779278173336,0.057717633
0.12960479282494256,0.916359767575088,0.057716053
0.12970523417605595,0.916359767575088,0.057663538
0.12970523417605595,0.9164416073328423,0.057663478
0.12981749215671215,0.9164416073328423,0.057608787
0.12981749215671215,0.9165234470905966,0.057605457
0.13049694835542058,0.9165234470905966,0.057335798
0.13049694835542058,0.916605286848351,0.057335272
0.13085735555647462,0.916605286848351,0.057184022
0.13085735555647462,0.9166871266061053,0.05718199
0.13095779690758805,0.9166871266061053,0.0571371
0.13095779690758805,0.9167689663638595,0.057131164
0.13098733848144495,0.9167689663638595,0.057127744
0.13098733848144495,0.9168508061216138,0.05712634
0.1310227883700732,0.9168508061216138,0.057120726
0.13103460499961597,0.9168508061216138,0.057117935
0.1310523299439301,0.9168508061216138,0.057108566
0.13106414657347285,0.9168508061216138,0.05710361
0.13154272006995446,0.9168508061216138,0.056906957
0.13154272006995446,0.9169326458793682,0.056906726
0.13164316142106786,0.9169326458793682,0.056864616
0.13164316142106786,0.9170144856371225,0.05686217
0.13175541940172406,0.9170144856371225,0.056819808
0.13175541940172406,0.9170963253948768,0.056819037
0.13194448547440812,0.9170963253948768,0.056721464
0.1319563021039509,0.9170963253948768,0.056717034
0.13254713358108866,0.9170963253948768,0.05648696
0.1325589502106314,0.9170963253948768,0.056484036
0.13275983291285826,0.9170963253948768,0.056382813
0.13275983291285826,0.9171781651526312,0.056381233
0.1338942293489628,0.9171781651526312,0.05594
0.1338942293489628,0.9172600049103855,0.055938713
0.13424872823524547,0.9172600049103855,0.055794645
0.13424872823524547,0.9173418446681397,0.055794463
0.1342900864386451,0.9173418446681397,0.05577581
0.1342900864386451,0.9174236844258941,0.055771843
0.13473321004649844,0.9174236844258941,0.0555973
0.13473321004649844,0.9175055241836484,0.055590004
0.13515860871003763,0.9175055241836484,0.055422302
0.13515860871003763,0.9175873639414027,0.05542097
0.13535949141226447,0.9175873639414027,0.055364642
0.13535949141226447,0.917669203699157,0.055364136
0.13537130804180725,0.917669203699157,0.05536342
0.13557219074403407,0.917669203699157,0.055291485
0.13558400737357684,0.917669203699157,0.05528953
0.13565490715083336,0.917669203699157,0.05526266
0.13565490715083336,0.9177510434569114,0.05525773
0.1357553485019468,0.9177510434569114,0.055211883
0.1357553485019468,0.9178328832146657,0.055210102
0.1358085233348892,0.9178328832146657,0.055181745
0.1358085233348892,0.91791472297242,0.055181704
0.1358321565939747,0.91791472297242,0.05517574
0.13584397322351746,0.91791472297242,0.055174325
0.13586169816783158,0.91791472297242,0.055167112
0.13586169816783158,0.9179965627301743,0.05516632
0.13590305637123123,0.9179965627301743,0.055156134
0.13590305637123123,0.9180784024879286,0.05515571
0.13652933773699727,0.9180784024879286,0.05489638
0.13652933773699727,0.9181602422456829,0.054895394
0.13655887931085417,0.9181602422456829,0.05487527
0.13655887931085417,0.9182420820034373,0.054874383
0.13675385369830964,0.9182420820034373,0.054819368
0.13675385369830964,0.9183239217611916,0.054818995
0.137025636177793,0.9183239217611916,0.054740656
0.13703745280733576,0.9183239217611916,0.05473841
0.13736241011976155,0.9183239217611916,0.05464207
0.1373742267493043,0.9183239217611916,0.05464084
0.13765191754355904,0.9183239217611916,0.054554544
0.13765191754355904,0.9184057615189459,0.054549158
0.13784098361624314,0.9184057615189459,0.054472867
0.13784098361624314,0.9184876012767003,0.054471966
0.13799459980029896,0.9184876012767003,0.054424256
0.13799459980029896,0.9185694410344546,0.054423153
0.13828410722409648,0.9185694410344546,0.054310665
0.13829592385363923,0.9185694410344546,0.05431037
0.1385145315001802,0.9185694410344546,0.054224063
0.1385145315001802,0.9186512807922088,0.054217454
0.13855588970357985,0.9186512807922088,0.054204047
0.13855588970357985,0.9187331205499631,0.054203715
0.13856179801835122,0.9187331205499631,0.054203704
0.13856179801835122,0.9188149603077175,0.0542035
0.1387567724058067,0.9188149603077175,0.054146215
0.13876858903534944,0.9188149603077175,0.05414493
0.1387804056648922,0.9188149603077175,0.054139853
0.1387804056648922,0.9189786398232261,0.054137707
0.13921762095797416,0.9189786398232261,0.053975973
0.13921762095797416,0.9190604795809805,0.05397306
0.13937714545680135,0.9190604795809805,0.05391348
0.13937714545680135,0.9191423193387348,0.053908918
0.1395543948999427,0.9191423193387348,0.053846702
0.1395543948999427,0.919224159096489,0.053845674
0.13975527760216952,0.919224159096489,0.05377361
0.13975527760216952,0.9193059988542434,0.05377232
0.140216126154337,0.9193059988542434,0.053585928
0.140216126154337,0.9193878386119977,0.05358397
0.14032838413499318,0.9193878386119977,0.053549785
0.14032838413499318,0.919469678369752,0.053544544
0.1404524587451921,0.919469678369752,0.053512048
0.1404524587451921,0.9195515181275064,0.053510435
0.14060607492924793,0.9195515181275064,0.05345618
0.14060607492924793,0.9196333578852607,0.053451803
0.141013748648473,0.9196333578852607,0.053312916
0.141013748648473,0.919715197643015,0.05330826
0.1410669234814154,0.919715197643015,0.053287648
0.1410669234814154,0.9197970374007693,0.053285807
0.14174047136535245,0.9197970374007693,0.05307106
0.14174047136535245,0.9198788771585236,0.053068344
0.1419708956414362,0.9198788771585236,0.052987825
0.14198271227097894,0.9198788771585236,0.052987587
0.14201816215960722,0.9198788771585236,0.052978553
0.14201816215960722,0.9199607169162779,0.05297352
0.14221904486183407,0.9199607169162779,0.052908607
0.14221904486183407,0.9200425566740322,0.05290715
0.14233130284249024,0.9200425566740322,0.052878965
0.14233130284249024,0.9201243964317866,0.052875705
0.14236084441634714,0.9201243964317866,0.052866764
0.14236084441634714,0.9202062361895409,0.052865796
0.14250264397086018,0.9202062361895409,0.052834563
0.14250264397086018,0.9202880759472952,0.052829854
0.14252036891517433,0.9202880759472952,0.052821252
0.14252036891517433,0.9203699157050496,0.052820794
0.14269761835831565,0.9203699157050496,0.052762475
0.14269761835831565,0.9204517554628038,0.052760992
0.14294576757871352,0.9204517554628038,0.052674178
0.14294576757871352,0.9205335952205581,0.052672483
0.1429516758934849,0.9205335952205581,0.05267232
0.1429516758934849,0.9206154349783124,0.052671913
0.14305211724459832,0.9206154349783124,0.05264037
0.14305211724459832,0.9206972747360668,0.052640162
0.1433002664649962,0.9206972747360668,0.052558202
0.1433002664649962,0.9207791144938211,0.052557804
0.14338889118656686,0.9207791144938211,0.052522723
0.14338889118656686,0.9208609542515754,0.05252139
0.14341843276042374,0.9208609542515754,0.052510142
0.14341843276042374,0.9209427940093298,0.052509446
0.1434834242229089,0.9209427940093298,0.052495174
0.1434834242229089,0.9210246337670841,0.05249237
0.1438792813125912,0.9210246337670841,0.052379534
0.1438792813125912,0.9211064735248383,0.052378748
0.14413924716253182,0.9211064735248383,0.052300215
0.14413924716253182,0.9211883132825927,0.052289262
0.14426332177273077,0.9211883132825927,0.052254822
0.14426332177273077,0.921270153040347,0.052253854
0.14447602110450036,0.921270153040347,0.05218001
0.14447602110450036,0.9213519927981013,0.052176427
0.14506685258163815,0.9213519927981013,0.051997054
0.14506685258163815,0.9214338325558556,0.05199616
0.14507276089640952,0.9214338325558556,0.051992588
0.14508457752595227,0.9214338325558556,0.05199193
0.14522046876569397,0.9214338325558556,0.051937055
0.14522046876569397,0.92151567231361,0.05193603
0.14554542607811974,0.92151567231361,0.05181737
0.14554542607811974,0.9215975120713643,0.051814314
0.14624260722114232,0.9215975120713643,0.051634617
0.14624260722114232,0.9216793518291185,0.05163421
0.14665618925513876,0.9216793518291185,0.05150125
0.14665618925513876,0.9217611915868729,0.051500045
0.1466739141994529,0.9217611915868729,0.051497832
0.14668573082899564,0.9217611915868729,0.051497646
0.14710522117776348,0.9217611915868729,0.051325146
0.14710522117776348,0.9218430313446272,0.051324714
0.14737700365724685,0.9218430313446272,0.051225863
0.14737700365724685,0.9219248711023815,0.0512247
0.14740063691633234,0.9219248711023815,0.051217496
0.14741245354587512,0.9219248711023815,0.05121268
0.14745381174927474,0.9219248711023815,0.051202133
0.14745381174927474,0.9220067108601359,0.051195607
0.14762515287764472,0.9220067108601359,0.05114317
0.14762515287764472,0.9220885506178902,0.05113729
0.14769605265490124,0.9220885506178902,0.051120475
0.14769605265490124,0.9221703903756445,0.051113904
0.14936810573520115,0.9221703903756445,0.050612193
0.1493799223647439,0.9221703903756445,0.050610837
0.149568988437428,0.9221703903756445,0.050549824
0.149568988437428,0.9222522301333989,0.050548818
0.14987031249076826,0.9222522301333989,0.050457243
0.14987031249076826,0.9223340698911531,0.050456088
0.14989985406462514,0.9223340698911531,0.050451174
0.14989985406462514,0.9224159096489074,0.05044952
0.14991167069416791,0.9224159096489074,0.05044663
0.14991167069416791,0.9224977494066617,0.05044528
0.15050841048607705,0.9224977494066617,0.050252967
0.15050841048607705,0.9225795891644161,0.050251536
0.15055567700424807,0.9225795891644161,0.05024084
0.15056749363379082,0.9225795891644161,0.050240275
0.15062657678150462,0.9225795891644161,0.05022006
0.15062657678150462,0.9226614289221704,0.05021702
0.1508156428541887,0.9226614289221704,0.050149634
0.1508156428541887,0.9227432686799247,0.05014795
0.15085700105758834,0.9227432686799247,0.05013694
0.1508688176871311,0.9227432686799247,0.050136328
0.1511819583700141,0.9227432686799247,0.050033
0.15119377499955688,0.9227432686799247,0.050030902
0.15122922488818513,0.9227432686799247,0.050019372
0.15122922488818513,0.9228251084376791,0.05001901
0.15130012466544168,0.9228251084376791,0.050003715
0.15130012466544168,0.9229069481954334,0.050003648
0.1513178496097558,0.9229069481954334,0.049996875
0.1513178496097558,0.9229887879531876,0.049996097
0.15140647433132648,0.9229887879531876,0.049973983
0.15140647433132648,0.923070627710942,0.049968474
0.151695981755124,0.923070627710942,0.04988418
0.151695981755124,0.9231524674686963,0.0498791
0.15202093906754977,0.9231524674686963,0.04977451
0.15202093906754977,0.9232343072264506,0.04977382
0.15215092199252006,0.9232343072264506,0.049733594
0.15215092199252006,0.9233161469842049,0.04973206
0.15242861278677483,0.9233161469842049,0.049630996
0.15242861278677483,0.9233979867419593,0.049630616
0.15255268739697375,0.9233979867419593,0.04960451
0.15255268739697375,0.9234798264997136,0.04960422
0.15256450402651653,0.9234798264997136,0.049601316
0.15256450402651653,0.9235616662574678,0.049600847
0.15271221189580095,0.9235616662574678,0.0495445
0.15271221189580095,0.9236435060152222,0.04954252
0.15395886631256167,0.9236435060152222,0.049181055
0.15395886631256167,0.9237253457729765,0.049176276
0.15418338227387401,0.9237253457729765,0.049110834
0.1541951989034168,0.9237253457729765,0.049110472
0.15502827128618105,0.9237253457729765,0.04886804
0.15502827128618105,0.9238071855307308,0.04886385
0.15550684478266263,0.9238071855307308,0.04872259
0.15550684478266263,0.9238890252884852,0.04872115
0.15561319444854743,0.9238890252884852,0.048693288
0.1556250110780902,0.9238890252884852,0.048689622
0.1557549940030605,0.9238890252884852,0.048659947
0.1557549940030605,0.9239708650462395,0.048657455
0.1563694587392838,0.9239708650462395,0.0484831
0.1563694587392838,0.9240527048039938,0.04847384
0.15641672525745481,0.9240527048039938,0.04845774
0.15641672525745481,0.9241345445617482,0.0484554
0.1569780151607357,0.9241345445617482,0.04829185
0.15698983179027845,0.9241345445617482,0.048290316
0.15730888078793287,0.9241345445617482,0.04817867
0.15730888078793287,0.9242163843195024,0.048175752
0.15772837113670068,0.9242163843195024,0.048054285
0.15772837113670068,0.9242982240772567,0.048053272
0.15836646913200947,0.9242982240772567,0.0478619
0.15836646913200947,0.924380063835011,0.047861204
0.1587859594807773,0.924380063835011,0.047737703
0.15879777611032006,0.924380063835011,0.047737353
0.15937679095791507,0.924380063835011,0.047560442
0.15937679095791507,0.9244619035927654,0.047556825
0.1598730893987108,0.9244619035927654,0.047393247
0.1598730893987108,0.9245437433505197,0.047393095
0.16081251144735986,0.9245437433505197,0.047140725
0.16081251144735986,0.924625583108274,0.0471393
0.1611197438154715,0.924625583108274,0.04704226
0.16113156044501428,0.924625583108274,0.04704145
0.1624786562128884,0.924625583108274,0.046663914
0.1624786562128884,0.9247074228660284,0.046663146
0.16297495465368414,0.9247074228660284,0.04651842
0.16297495465368414,0.9247892626237826,0.046518024
0.16344171152062298,0.9247892626237826,0.046393666
0.16344171152062298,0.9248711023815369,0.04639336
0.16399118479436112,0.9248711023815369,0.046220165
0.16400300142390387,0.9248711023815369,0.046218917
0.1640502679420749,0.9248711023815369,0.046208158
0.1640502679420749,0.9249529421392912,0.046204794
0.16524965584066456,0.9249529421392912,0.045856982
0.1652614724702073,0.9249529421392912,0.045855593
0.16598228687231542,0.9249529421392912,0.045595042
0.16598228687231542,0.9250347818970456,0.0455944
0.16636632733245496,0.9250347818970456,0.04548005
0.16636632733245496,0.9251166216547999,0.04547955
0.1665435767755963,0.9251166216547999,0.045440033
0.1665435767755963,0.9251984614125542,0.045438595
0.16657902666422456,0.9251984614125542,0.04542781
0.16657902666422456,0.9252803011703086,0.045425944
0.1670989583641058,0.9252803011703086,0.045255493
0.1670989583641058,0.9253621409280629,0.045254033
0.16751254039810226,0.9253621409280629,0.045143843
0.16751254039810226,0.9254439806858171,0.045143742
0.1684519624467513,0.9254439806858171,0.044892423
0.1684519624467513,0.9255258204435715,0.04489237
0.1688241862773481,0.9255258204435715,0.04480203
0.16883600290689088,0.9255258204435715,0.044800937
0.16935593460677212,0.9255258204435715,0.04466347
0.16935593460677212,0.9256076602013258,0.044663176
0.16993494945436713,0.9256076602013258,0.044522494
0.16993494945436713,0.9256894999590801,0.044520635
0.1700767490088802,0.9256894999590801,0.04448881
0.1700767490088802,0.9257713397168345,0.044483807
0.1701299238418226,0.9257713397168345,0.044469852
0.1701299238418226,0.9258531794745888,0.044469744
0.17015946541567947,0.9258531794745888,0.044464312
0.17015946541567947,0.9259350192323431,0.044462338
0.1702126402486219,0.9259350192323431,0.04445142
0.1702126402486219,0.9260168589900973,0.044451095
0.1703130815997353,0.9260168589900973,0.04442447
0.1703130815997353,0.9260986987478517,0.044419862
0.1706853054303321,0.9260986987478517,0.044318084
0.1706853054303321,0.926180538505606,0.044317793
0.17095708790981548,0.926180538505606,0.044241082
0.17095708790981548,0.9262623782633603,0.044240974
0.17146520298015397,0.9262623782633603,0.044136003
0.17147701960969672,0.9262623782633603,0.044135507
0.17154791938695327,0.9262623782633603,0.04412122
0.17154791938695327,0.9263442180211147,0.044120517
0.1716719939971522,0.9263442180211147,0.04408588
0.17168381062669494,0.9263442180211147,0.044085577
0.17191423490277868,0.9263442180211147,0.044025782
0.17191423490277868,0.926426057778869,0.04402453
0.17208557603114863,0.926426057778869,0.0439834
0.17208557603114863,0.9265078975366233,0.043982595
0.1723337252515465,0.9265078975366233,0.043901525
0.1723337252515465,0.9265897372943777,0.043900564
0.1725464245833161,0.9265897372943777,0.043853994
0.1725464245833161,0.9266715770521319,0.043851625
0.17382852888870506,0.9266715770521319,0.043533057
0.17382852888870506,0.9267534168098862,0.04353161
0.1738757954068761,0.9267534168098862,0.043516833
0.17388761203641886,0.9267534168098862,0.043514576
0.17457297654989867,0.9267534168098862,0.043347433
0.17457297654989867,0.9268352565676405,0.043345656
0.1751992579156647,0.9268352565676405,0.04316358
0.1751992579156647,0.9269170963253949,0.043162394
0.17550058196900498,0.9269170963253949,0.04307694
0.17550058196900498,0.9269989360831492,0.043075938
0.17553603185763325,0.9269989360831492,0.04306789
0.175547848487176,0.9269989360831492,0.04306619
0.17600869703934346,0.9269989360831492,0.04295616
0.17600869703934346,0.9270807758409035,0.04295572
0.17814750698658222,0.9270807758409035,0.042396434
0.17814750698658222,0.9271626155986579,0.042393435
0.17921100364543022,0.9271626155986579,0.042109102
0.17921100364543022,0.9272444553564122,0.04210641
0.17933507825562914,0.9272444553564122,0.04206305
0.17933507825562914,0.9273262951141664,0.042062685
0.17957731916125563,0.9273262951141664,0.041998573
0.17957731916125563,0.9274081348719208,0.041996364
0.18054628278376159,0.9274081348719208,0.041756954
0.18054628278376159,0.9274899746296751,0.041753966
0.18140889674038274,0.9274899746296751,0.041520882
0.1814207133699255,0.9274899746296751,0.041520767
0.1827205426196286,0.9274899746296751,0.04119657
0.1827205426196286,0.9275718143874294,0.041195434
0.18358906489102114,0.9275718143874294,0.040960282
0.18358906489102114,0.9276536541451837,0.040956333
0.18377222264893384,0.9276536541451837,0.040917084
0.18377222264893384,0.9277354939029381,0.04091613
0.18485935256686736,0.9277354939029381,0.040657274
0.1848711691964101,0.9277354939029381,0.040656153
0.18641914766651108,0.9277354939029381,0.04030604
0.18643096429605382,0.9277354939029381,0.040305886
0.18754172747307285,0.9277354939029381,0.04005656
0.18754172747307285,0.9278173336606924,0.040052876
0.1875830856764725,0.9278173336606924,0.040038414
0.18759490230601525,0.9278173336606924,0.040037096
0.18788440972981277,0.9278173336606924,0.039967764
0.18788440972981277,0.9278991734184466,0.03996665
0.1879553095070693,0.9278991734184466,0.03994132
0.18796712613661207,0.9278991734184466,0.039941162
0.1882211836717813,0.9278991734184466,0.039890774
0.1882211836717813,0.927981013176201,0.039890133
0.18887109829663284,0.927981013176201,0.039769314
0.18887109829663284,0.9280628529339553,0.039768487
0.18906016436931694,0.9280628529339553,0.03972377
0.18906016436931694,0.9281446926917096,0.03972117
0.18936739673742858,0.9281446926917096,0.039638516
0.18936739673742858,0.928226532449464,0.039638232
0.19040726013719106,0.928226532449464,0.039370563
0.19041907676673384,0.928226532449464,0.039369456
0.19051360980307586,0.928226532449464,0.039347127
0.19051360980307586,0.9283083722072183,0.039346874
0.19073221744961685,0.9283083722072183,0.039281454
0.19073221744961685,0.9283902119649726,0.039280195
0.19168345612780865,0.9283902119649726,0.03905817
0.19168345612780865,0.928472051722727,0.039057758
0.19185479725617863,0.928472051722727,0.03900953
0.19186661388572138,0.928472051722727,0.039009083
0.19261696986168636,0.928472051722727,0.03881837
0.19261696986168636,0.9285538914804812,0.038816787
0.19360365842850644,0.9285538914804812,0.038562763
0.19360365842850644,0.9286357312382355,0.03856133
0.1942003982204156,0.9286357312382355,0.03841219
0.19421221484995835,0.9286357312382355,0.038411282
0.19429493125675765,0.9286357312382355,0.038390815
0.1943067478863004,0.9286357312382355,0.038389906
0.1944899056442131,0.9286357312382355,0.03835223
0.19450172227375587,0.9286357312382355,0.038347144
0.19456080542146964,0.9286357312382355,0.038331542
0.19456080542146964,0.9287175709959898,0.03833126
0.19557703556214662,0.9287175709959898,0.038095426
0.19557703556214662,0.9287994107537442,0.038095187
0.19565384365417451,0.9287994107537442,0.038073722
0.19566566028371726,0.9287994107537442,0.038070645
0.1957365600609738,0.9287994107537442,0.038059283
0.1957365600609738,0.9288812505114985,0.038058825
0.19607333400294233,0.9288812505114985,0.037959725
0.19607333400294233,0.9289630902692528,0.037959047
0.1964573744630819,0.9289630902692528,0.037871283
0.1964573744630819,0.9290449300270072,0.03786776
0.1967232486277939,0.9290449300270072,0.0378057
0.19673506525733664,0.9290449300270072,0.03780535
0.1972490886424465,0.9290449300270072,0.037682254
0.19726090527198928,0.9290449300270072,0.037679847
0.19730226347538893,0.9290449300270072,0.037672363
0.19731408010493168,0.9290449300270072,0.037671264
0.19830076867175175,0.9290449300270072,0.03745235
0.1983125853012945,0.9290449300270072,0.037451904
0.19846620148535032,0.9290449300270072,0.037427235
0.19846620148535032,0.9291267697847614,0.037426583
0.1990570329624881,0.9291267697847614,0.037309736
0.1990570329624881,0.9292086095425157,0.03730909
0.1990924828511164,0.9292086095425157,0.037302546
0.1990924828511164,0.92929044930027,0.03730205
0.1991397493692874,0.92929044930027,0.03729086
0.1991397493692874,0.9293722890580244,0.037290648
0.1994824316260273,0.9293722890580244,0.03720993
0.19949424825557005,0.9293722890580244,0.037209917
0.19995509680773754,0.9293722890580244,0.037122235
0.19995509680773754,0.9294541288157787,0.03712144
0.20000827164067994,0.9294541288157787,0.037116006
0.20000827164067994,0.929535968573533,0.037112728
0.20031550400879158,0.929535968573533,0.03704784
0.20031550400879158,0.9296178083312874,0.03704773
0.20078226087573042,0.9296178083312874,0.03694718
0.20078226087573042,0.9296996480890417,0.036946163
0.20140854224149646,0.9296996480890417,0.03679508
0.20140854224149646,0.9297814878467959,0.036795042
0.20166850809143708,0.9297814878467959,0.036734972
0.20168032472097983,0.9297814878467959,0.03673196
0.20285017104571262,0.9297814878467959,0.036463562
0.2028619876752554,0.9297814878467959,0.03646305
0.2029919706002257,0.9297814878467959,0.03645024
0.2029919706002257,0.9298633276045503,0.036450136
0.20355326050350658,0.9298633276045503,0.036303114
0.20355326050350658,0.9299451673623046,0.03630176
0.2046876569396111,0.9299451673623046,0.036062356
0.20469947356915388,0.9299451673623046,0.03606189
0.20491217290092348,0.9299451673623046,0.036024384
0.20491217290092348,0.9300270071200589,0.036023024
0.2063656183346824,0.9300270071200589,0.03568231
0.2063656183346824,0.9301088468778133,0.03568047
0.20659013429599477,0.9301088468778133,0.03564269
0.20659013429599477,0.9301906866355676,0.03564147
0.2073227653276456,0.9301906866355676,0.035456616
0.20733458195718835,0.9301906866355676,0.03545456
0.2076418143253,0.9301906866355676,0.035393167
0.2076418143253,0.9302725263933219,0.035389524
0.2078249720832127,0.9302725263933219,0.03534899
0.20783678871275546,0.9302725263933219,0.03534632
0.20820901254335225,0.9302725263933219,0.03526507
0.20820901254335225,0.9303543661510761,0.03526473
0.2093670422385423,0.9303543661510761,0.035024174
0.2093670422385423,0.9304362059088305,0.035023365
0.21082639598707262,0.9304362059088305,0.03470317
0.21083821261661537,0.9304362059088305,0.034702666
0.21233301625377393,0.9304362059088305,0.034378607
0.21233301625377393,0.9305180456665848,0.034378115
0.21235664951285946,0.9305180456665848,0.034371167
0.21235664951285946,0.9305998854243391,0.034369845
0.214070060796559,0.9305998854243391,0.034007844
0.214070060796559,0.9306817251820935,0.034005236
0.21499175790089392,0.9306817251820935,0.033781443
0.2150035745304367,0.9306817251820935,0.033777807
0.21514537408494974,0.9306817251820935,0.033743292
0.21515719071449252,0.9306817251820935,0.033742983
0.21568303072914513,0.9306817251820935,0.03364781
0.21569484735868788,0.9306817251820935,0.033646546
0.21587209680182923,0.9306817251820935,0.033618756
0.21587209680182923,0.9307635649398478,0.033616874
0.2163034037801398,0.9307635649398478,0.033529893
0.2163034037801398,0.9308454046976021,0.033528343
0.2164097534460246,0.9308454046976021,0.033505112
0.2164097534460246,0.9309272444553565,0.03350158
0.21668744424027936,0.9309272444553565,0.03343512
0.21668744424027936,0.9310090842131107,0.0334342
0.2167228941289076,0.9310090842131107,0.033423975
0.21673471075845036,0.9310090842131107,0.033423845
0.21692968514590583,0.9310090842131107,0.033388622
0.21692968514590583,0.931090923970865,0.03338821
0.21737280875375917,0.931090923970865,0.033289712
0.21738462538330192,0.931090923970865,0.033288907
0.217526424937815,0.931090923970865,0.03324462
0.217526424937815,0.9311727637286193,0.033244412
0.2192516528510573,0.9311727637286193,0.032839097
0.21926346948060005,0.9311727637286193,0.03283595
0.21996065062362263,0.9311727637286193,0.03269083
0.21996065062362263,0.9312546034863737,0.03269078
0.22016153332584948,0.9312546034863737,0.03265374
0.22017334995539223,0.9312546034863737,0.032653667
0.22033287445421942,0.9312546034863737,0.032617185
0.22033287445421942,0.931336443244128,0.032617044
0.2208173562654724,0.931336443244128,0.032494124
0.2208173562654724,0.9314182830018823,0.032492977
0.22096506413475683,0.9314182830018823,0.03246152
0.22096506413475683,0.9315001227596367,0.03246113
0.22155589561189462,0.9315001227596367,0.032331903
0.22156771224143737,0.9315001227596367,0.032331284
0.2227611918252557,0.9315001227596367,0.032078933
0.22277300845479844,0.9315001227596367,0.03207827
0.22404920444541604,0.9315001227596367,0.03181866
0.22404920444541604,0.9315819625173909,0.03181823
0.22492954334635132,0.9315819625173909,0.031649508
0.22494135997589407,0.9315819625173909,0.031649135
0.22557945797120288,0.9315819625173909,0.031523034
0.22559127460074563,0.9315819625173909,0.031522788
0.22564444943368803,0.9315819625173909,0.03151408
0.22564444943368803,0.9316638022751452,0.031512737
0.22595168180179967,0.9316638022751452,0.031445146
0.22595168180179967,0.9317456420328996,0.031444237
0.22790142567635432,0.9317456420328996,0.031026509
0.22790142567635432,0.9318274817906539,0.031021127
0.2279368755649826,0.9318274817906539,0.03101407
0.2279368755649826,0.9319093215484082,0.031012986
0.22797232545361087,0.9319093215484082,0.031003838
0.22798414208315362,0.9319093215484082,0.031003095
0.22858088187506279,0.9319093215484082,0.030884003
0.22858088187506279,0.9319911613061626,0.03088326
0.2306783336189019,0.9319911613061626,0.03045576
0.23069015024844464,0.9319911613061626,0.030453483
0.23116872374492622,0.9319911613061626,0.030372582
0.23116872374492622,0.9320730010639169,0.030369444
0.23122780689264003,0.9320730010639169,0.030358763
0.23122780689264003,0.9321548408216712,0.030356051
0.23129870666989655,0.9321548408216712,0.030339232
0.23129870666989655,0.9322366805794254,0.030339034
0.23513911127129208,0.9322366805794254,0.02953888
0.23513911127129208,0.9323185203371798,0.029537348
0.2359603670245136,0.9323185203371798,0.029400826
0.2359603670245136,0.9324003600949341,0.029400269
0.23733109605147323,0.9324003600949341,0.029129056
0.23734291268101598,0.9324003600949341,0.029128982
0.23798691899109617,0.9324003600949341,0.029014304
0.23798691899109617,0.9324821998526884,0.029014034
0.23848912574666328,0.9324821998526884,0.028900722
0.23848912574666328,0.9325640396104428,0.028899645
0.23961170555322506,0.9325640396104428,0.02868503
0.23961170555322506,0.9326458793681971,0.028680397
0.24130739189261047,0.9326458793681971,0.028395064
0.24130739189261047,0.9327277191259514,0.028394926
0.2425422296798284,0.9327277191259514,0.028172988
0.2425422296798284,0.9328095588837058,0.028171685
0.24304443643539553,0.9328095588837058,0.028063327
0.24304443643539553,0.93289139864146,0.028062774
0.2446514980532103,0.93289139864146,0.027760716
0.24466331468275304,0.93289139864146,0.027760595
0.24505917177243536,0.93289139864146,0.027680092
0.24505917177243536,0.9329732383992143,0.027680047
0.24523642121557668,0.9329732383992143,0.027649386
0.24523642121557668,0.9330550781569686,0.027648296
0.24530141267806183,0.9330550781569686,0.027637806
0.2453132293076046,0.9330550781569686,0.027637715
0.24636490933690983,0.9330550781569686,0.02743118
0.24637672596645258,0.9330550781569686,0.027430024
0.24644762574370913,0.9330550781569686,0.02741679
0.24645944237325187,0.9330550781569686,0.027416112
0.24666032507547872,0.9330550781569686,0.027373893
0.24666032507547872,0.933136917914723,0.027369088
0.24728069812647338,0.933136917914723,0.027251001
0.24728069812647338,0.9332187576724773,0.027250975
0.24815512871263729,0.9332187576724773,0.027061794
0.24815512871263729,0.9333005974302316,0.027061637
0.2483914613034924,0.9333005974302316,0.027011633
0.2483914613034924,0.933382437187986,0.027010435
0.24878141007840335,0.933382437187986,0.026935278
0.2487932267079461,0.933382437187986,0.026934983
0.24883458491134575,0.933382437187986,0.026926875
0.24883458491134575,0.9334642769457402,0.02692608
0.24973264875659515,0.9334642769457402,0.026760444
0.2497444653861379,0.9334642769457402,0.026759215
0.250512546306417,0.9334642769457402,0.02659734
0.250512546306417,0.9335461167034945,0.026597267
0.2507429705825008,0.9335461167034945,0.02655429
0.25075478721204353,0.9335461167034945,0.026551196
0.2508493202483856,0.9335461167034945,0.026526177
0.2508493202483856,0.9336279564612489,0.02652348
0.2517178425197781,0.9336279564612489,0.026349004
0.2517178425197781,0.9337097962190032,0.02634778
0.2517769256674919,0.9337097962190032,0.026333207
0.2517769256674919,0.9337916359767575,0.026331061
0.2520723414060608,0.9337916359767575,0.026267355
0.2520841580356035,0.9337916359767575,0.026267055
0.2536734947091041,0.9337916359767575,0.025960643
0.2536734947091041,0.9338734757345118,0.025958486
0.2547428996827235,0.9338734757345118,0.02576202
0.2547428996827235,0.9339553154922662,0.02576148
0.25480198283043726,0.9339553154922662,0.02575112
0.25481379945998,0.9339553154922662,0.025749981
0.25634405298576685,0.9339553154922662,0.025459718
0.25635586961530965,0.9339553154922662,0.025456252
0.25751389931049967,0.9339553154922662,0.025236912
0.25751389931049967,0.9340371552500205,0.025236778
0.25796883954789573,0.9340371552500205,0.025138441
0.25796883954789573,0.9341189950077747,0.025136847
0.2596763425168239,0.9341189950077747,0.024826866
0.25968815914636667,0.9341189950077747,0.024825955
0.26049168995527405,0.9341189950077747,0.024653032
0.26049168995527405,0.9342008347655291,0.024652641
0.2614665618925514,0.9342008347655291,0.024464514
0.2614665618925514,0.9342826745232834,0.024463745
0.2630499902512806,0.9342826745232834,0.024173882
0.2630499902512806,0.9343645142810377,0.024172114
0.2636171884693329,0.9343645142810377,0.02406392
0.2636171884693329,0.9344463540387921,0.024062637
0.2639185125226732,0.9344463540387921,0.023996342
0.2639185125226732,0.9345281937965464,0.02399627
0.26620503033919635,0.9345281937965464,0.023602145
0.26620503033919635,0.9346100335543007,0.023601888
0.2669612946299327,0.9346100335543007,0.02346092
0.2669612946299327,0.9346918733120549,0.023458997
0.26709127755490303,0.9346918733120549,0.023443371
0.26709127755490303,0.9347737130698093,0.023442557
0.2674635013854998,0.9347737130698093,0.023382533
0.2674635013854998,0.9348555528275636,0.023380753
0.26746940970027117,0.9348555528275636,0.023380127
0.26746940970027117,0.9349373925853179,0.023379246
0.26827294050917855,0.9349373925853179,0.023237335
0.26827294050917855,0.9350192323430723,0.023236334
0.2688046888386026,0.9350192323430723,0.023130344
0.2688046888386026,0.9351010721008266,0.023129653
0.268905130189716,0.9351010721008266,0.02311674
0.26891694681925876,0.9351010721008266,0.023115478
0.2692891706498555,0.9351010721008266,0.023047592
0.2693009872793983,0.9351010721008266,0.02304708
0.2703408506791608,0.9351010721008266,0.022827314
0.2703408506791608,0.9351829118585809,0.02282699
0.27068944125067207,0.9351829118585809,0.022781687
0.27068944125067207,0.9352647516163353,0.022780722
0.27079579091655687,0.9352647516163353,0.022752142
0.27079579091655687,0.9353465913740895,0.022751532
0.2730173172705949,0.9353465913740895,0.02234461
0.27302913390013767,0.9353465913740895,0.022343116
0.27314139188079384,0.9353465913740895,0.022325316
0.2731532085103366,0.9353465913740895,0.02232464
0.27406899729990014,0.9353465913740895,0.022144295
0.27406899729990014,0.9354284311318438,0.022143656
0.2741635303362422,0.9354284311318438,0.022130238
0.27417534696578494,0.9354284311318438,0.022129158
0.2748370782201793,0.9354284311318438,0.022002231
0.2748370782201793,0.9355102708895982,0.022000818
0.27499660271900644,0.9355102708895982,0.021971885
0.27499660271900644,0.9355921106473525,0.02197182
0.27556380093705873,0.9355921106473525,0.021859642
0.2755756175666015,0.9355921106473525,0.02185897
0.2772181290730445,0.9355921106473525,0.021588864
0.2772181290730445,0.9356739504051068,0.02158767
0.27746036997867096,0.9356739504051068,0.021551577
0.27747218660821377,0.9356739504051068,0.021551568
0.2780689264001229,0.9356739504051068,0.02146308
0.2780807430296656,0.9356739504051068,0.021459088
0.27817527606600767,0.9356739504051068,0.021443173
0.27817527606600767,0.9357557901628611,0.021442374
0.2789197237272013,0.9357557901628611,0.021301264
0.2789197237272013,0.9358376299206155,0.021300688
0.2792328644100843,0.9358376299206155,0.021252465
0.2792328644100843,0.9359194696783697,0.021251226
0.27946328868616804,0.9359194696783697,0.021202913
0.2794751053157108,0.9359194696783697,0.021201108
0.2801427448848765,0.9359194696783697,0.021085894
0.2801427448848765,0.936001309436124,0.021085652
0.28039089410527435,0.936001309436124,0.021046354
0.28039089410527435,0.9360831491938784,0.021046251
0.2808044761392708,0.9360831491938784,0.02097662
0.2808044761392708,0.9361649889516327,0.020975715
0.28122987480281,0.9361649889516327,0.020913282
0.2812416914323527,0.9361649889516327,0.020912139
0.2815725570595499,0.9361649889516327,0.020851495
0.2815725570595499,0.936246828709387,0.020850774
0.28254152068205585,0.936246828709387,0.020699447
0.28254152068205585,0.9363286684671414,0.020697286
0.28386498319084447,0.9363286684671414,0.020473747
0.28386498319084447,0.9364105082248957,0.02047192
0.2842076654475844,0.9364105082248957,0.020420497
0.2842076654475844,0.93649234798265,0.020418571
0.28427265691006953,0.93649234798265,0.020406753
0.28427265691006953,0.9365741877404042,0.020406224
0.2846507890554377,0.9365741877404042,0.020346878
0.2846507890554377,0.9366560274981586,0.02034547
0.28508800434851966,0.9366560274981586,0.02027602
0.2850998209780624,0.9366560274981586,0.020274831
0.2857674605472281,0.9366560274981586,0.020189162
0.2857674605472281,0.9367378672559129,0.02018903
0.28594470999036947,0.9367378672559129,0.02016019
0.28594470999036947,0.9368197070136672,0.020159533
0.28650009157887896,0.9368197070136672,0.020073758
0.2865119082084217,0.9368197070136672,0.020073175
0.28698457339013195,0.9368197070136672,0.020009365
0.28698457339013195,0.9369015467714216,0.020008372
0.2870141149639888,0.9369015467714216,0.020001391
0.2870141149639888,0.9369833865291759,0.020000774
0.28709092305601674,0.9369833865291759,0.01999098
0.28709092305601674,0.9370652262869302,0.019989869
0.2873627055355001,0.9370652262869302,0.019941669
0.2873745221650429,0.9370652262869302,0.019940168
0.28788854555015275,0.9370652262869302,0.01987325
0.28788854555015275,0.9371470660446846,0.019873189
0.2889579505237721,0.9371470660446846,0.019700808
0.28896976715331485,0.9371470660446846,0.019700581
0.28971421481450843,0.9371470660446846,0.019572249
0.28971421481450843,0.9372289058024388,0.01957206
0.28985601436902153,0.9372289058024388,0.019550072
0.2898678309985643,0.9372289058024388,0.019548887
0.29045866247570207,0.9372289058024388,0.01947246
0.2904704791052448,0.9372289058024388,0.019472301
0.291380359580037,0.9372289058024388,0.019328913
0.291380359580037,0.9373107455601931,0.019328615
0.2918884746503755,0.9373107455601931,0.01925811
0.2918884746503755,0.9373925853179474,0.019256448
0.2922016153332585,0.9373925853179474,0.01921301
0.29221343196280125,0.9373925853179474,0.01921093
0.2926683722001973,0.9373925853179474,0.019135602
0.2926683722001973,0.9374744250757018,0.019134112
0.29353689447158987,0.9374744250757018,0.019005941
0.29353689447158987,0.9375562648334561,0.019005902
0.2945117664088672,0.9375562648334561,0.018852986
0.29452358303841,0.9375562648334561,0.018852348
0.29465356596338027,0.9375562648334561,0.018836848
0.29465356596338027,0.9376381045912104,0.018836325
0.2952857556439177,0.9376381045912104,0.018736029
0.2952857556439177,0.9377199443489648,0.018732455
0.2963787938766226,0.9377199443489648,0.018574482
0.2963787938766226,0.937801784106719,0.018571896
0.2965855848936208,0.937801784106719,0.018542798
0.2965855848936208,0.9378836238644733,0.018542368
0.29752500694226985,0.9378836238644733,0.018396266
0.29752500694226985,0.9379654636222277,0.018395903
0.29796813055012317,0.9379654636222277,0.018331977
0.29797994717966597,0.9379654636222277,0.018331371
0.29933295126231146,0.9379654636222277,0.018142609
0.29933295126231146,0.938047303379982,0.018142503
0.29946293418728176,0.938047303379982,0.01812556
0.29946293418728176,0.9381291431377363,0.018124895
0.3001660236450757,0.9381291431377363,0.01799295
0.30017784027461847,0.9381291431377363,0.017992605
0.3003314564586743,0.9381291431377363,0.017973918
0.3003314564586743,0.9382109828954907,0.017973885
0.30085729647332693,0.9382109828954907,0.01791346
0.30085729647332693,0.938292822653245,0.017912008
0.30123542861869507,0.938292822653245,0.017850796
0.30124724524823787,0.938292822653245,0.017849559
0.30167264391177706,0.938292822653245,0.017787604
0.3016844605413198,0.938292822653245,0.017786887
0.3020507760571452,0.938292822653245,0.017725527
0.302062592686688,0.938292822653245,0.017723685
0.30222802550028655,0.938292822653245,0.017701384
0.30222802550028655,0.9383746624109993,0.017699677
0.30286021518082396,0.9383746624109993,0.01759214
0.3028720318103667,0.9383746624109993,0.01759149
0.30363420441587446,0.9383746624109993,0.017462764
0.30363420441587446,0.9384565021687535,0.017462566
0.3036460210454172,0.9384565021687535,0.017460948
0.30365783767495996,0.9384565021687535,0.017460832
0.3038646286919582,0.9384565021687535,0.017429374
0.3038646286919582,0.9385383419265079,0.017427627
0.3039887033021571,0.9385383419265079,0.01741508
0.3040005199316999,0.9385383419265079,0.017413178
0.3041364111714416,0.9385383419265079,0.017388452
0.3041364111714416,0.9386201816842622,0.017387677
0.30429593567026875,0.9386201816842622,0.017360073
0.30430775229981155,0.9386201816842622,0.017357357
0.30443773522478185,0.9386201816842622,0.01733965
0.30443773522478185,0.9387020214420165,0.017338969
0.3044968183724956,0.9387020214420165,0.01732763
0.30451454331680977,0.9387020214420165,0.01732604
0.30530625749617435,0.9387020214420165,0.017188305
0.30530625749617435,0.9387838611997709,0.017187838
0.30549532356885845,0.9387838611997709,0.017164204
0.30549532356885845,0.9388657009575252,0.017163552
0.30576710604834184,0.9388657009575252,0.017124817
0.3057789226778846,0.9388657009575252,0.017122023
0.3069960355207884,0.9388657009575252,0.016939765
0.30700785215033116,0.9388657009575252,0.016939497
0.3082426899375491,0.9388657009575252,0.016759727
0.3082426899375491,0.9389475407152795,0.016758801
0.30826041488186323,0.9389475407152795,0.01675738
0.308272231511406,0.9389475407152795,0.01675572
0.3087685299522017,0.9389475407152795,0.01670049
0.3087685299522017,0.9390293804730337,0.016699754
0.3090403124316851,0.9390293804730337,0.016659353
0.3090403124316851,0.9391112202307881,0.016658656
0.309601602334966,0.9391112202307881,0.01659854
0.309601602334966,0.9391930599885424,0.016597925
0.3096134189645088,0.9391930599885424,0.01659731
0.30962523559405153,0.9391930599885424,0.016596882
0.309648868853137,0.9391930599885424,0.016594438
0.309648868853137,0.9392748997462967,0.016594011
0.3099501929064773,0.9392748997462967,0.016541848
0.3099501929064773,0.9393567395040511,0.01654063
0.31038149988478786,0.9393567395040511,0.016469333
0.3103933165143306,0.9393567395040511,0.016469093
0.3106119241608716,0.9393567395040511,0.016436925
0.3106237407904143,0.9393567395040511,0.016435731
0.311823128689004,0.9393567395040511,0.016269842
0.3118349453185468,0.9393567395040511,0.016269416
0.3120712779094019,0.9393567395040511,0.016246278
0.3120712779094019,0.9394385792618054,0.016245103
0.3128157255705955,0.9394385792618054,0.016144304
0.3128157255705955,0.9395204190195597,0.016142275
0.3129870666989655,0.9395204190195597,0.016122883
0.3129870666989655,0.9396022587773141,0.016122129
0.3134479152511329,0.9396022587773141,0.016061278
0.31345973188067566,0.9396022587773141,0.016060714
0.313636981323817,0.9396022587773141,0.016039478
0.31364879795335976,0.9396022587773141,0.016039243
0.3136960644715308,0.9396022587773141,0.016030757
0.3136960644715308,0.9396840985350683,0.01602841
0.3170756205207589,0.9396840985350683,0.015558475
0.31708743715030163,0.9396840985350683,0.015558248
0.3174773859252126,0.9396840985350683,0.015507221
0.3174773859252126,0.9397659382928226,0.015504624
0.31816275043869235,0.9397659382928226,0.015414534
0.31816275043869235,0.939847778050577,0.015414121
0.3192262470975404,0.939847778050577,0.015278293
0.31923806372708313,0.939847778050577,0.015276227
0.31976390374173574,0.939847778050577,0.015200065
0.31976390374173574,0.9399296178083313,0.015199545
0.31995296981441984,0.9399296178083313,0.015175475
0.31995296981441984,0.9400114575660856,0.0151708145
0.32047880982907245,0.9400114575660856,0.015080318
0.32047880982907245,0.94009329732384,0.015080077
0.32082149208581234,0.94009329732384,0.015024102
0.32082149208581234,0.9401751370815943,0.015023057
0.32088057523352614,0.9401751370815943,0.01501032
0.32088057523352614,0.9402569768393485,0.015008826
0.3216250228947197,0.9402569768393485,0.014909514
0.3216250228947197,0.9403388165971028,0.014908156
0.3216900143572049,0.9403388165971028,0.014895611
0.3216900143572049,0.9404206563548572,0.014893975
0.32203860492871617,0.9404206563548572,0.014841085
0.3220504215582589,0.9404206563548572,0.014840381
0.3221154130207441,0.9404206563548572,0.014830394
0.3221154130207441,0.9405024961126115,0.014830318
0.3228362274228522,0.9405024961126115,0.01472806
0.3228362274228522,0.9405843358703658,0.014727949
0.32303120181030764,0.9405843358703658,0.014698972
0.32303120181030764,0.9406661756281202,0.01469855
0.3235038669920179,0.9406661756281202,0.014629659
0.32351568362156063,0.9406661756281202,0.014629246
0.3235747667692744,0.9406661756281202,0.014613115
0.32358658339881713,0.9406661756281202,0.014612566
0.32417150656118354,0.9406661756281202,0.01454099
0.3241833231907263,0.9406661756281202,0.014540854
0.32523500322003157,0.9406661756281202,0.014409825
0.32523500322003157,0.9407480153858745,0.014409473
0.3256544935687994,0.9407480153858745,0.0143518485
0.3256544935687994,0.9408298551436288,0.014350945
0.3257194850312845,0.9408298551436288,0.014333883
0.3257194850312845,0.9409935346591374,0.014333042
0.32621578347208025,0.9409935346591374,0.014254985
0.32621578347208025,0.9410753744168917,0.014253104
0.32677707337536116,0.9410753744168917,0.014182257
0.3267888900049039,0.9410753744168917,0.01418219
0.32682433989353216,0.9410753744168917,0.014178776
0.32682433989353216,0.941157214174646,0.01417741
0.32701340596621625,0.941157214174646,0.014153671
0.32701340596621625,0.9412390539324004,0.014152241
0.3272733718161569,0.9412390539324004,0.014109546
0.3272733718161569,0.9413208936901547,0.014108579
0.3282423354386628,0.9413208936901547,0.013967901
0.3282541520682056,0.9413208936901547,0.013967762
0.32861455926925964,0.9413208936901547,0.0139261745
0.32861455926925964,0.941402733447909,0.01392489
0.32867955073174476,0.941402733447909,0.013913738
0.32867955073174476,0.9414845732056634,0.013913083
0.3294062734486243,0.9414845732056634,0.013815086
0.3294062734486243,0.9415664129634176,0.013813672
0.3297135058167359,0.9415664129634176,0.013769051
0.3297135058167359,0.9416482527211719,0.013768986
0.3300384631291617,0.9416482527211719,0.0137163
0.3300384631291617,0.9418119322366806,0.013715423
0.33004437144393306,0.9418119322366806,0.013714603
0.3300561880734758,0.9418119322366806,0.01371443
0.33007391301778993,0.9418119322366806,0.013708986
0.3300857296473327,0.9418119322366806,0.013708381
0.3305879364028998,0.9418119322366806,0.013646793
0.33059975303244254,0.9418119322366806,0.013645735
0.3308242689937549,0.9418119322366806,0.013616786
0.3308360856232977,0.9418119322366806,0.013614174
0.3312024011391231,0.9418119322366806,0.013573714
0.33121421776866583,0.9418119322366806,0.013573382
0.33129102586069376,0.9418119322366806,0.013562915
0.33129102586069376,0.9418937719944349,0.013562889
0.33135601732317893,0.9418937719944349,0.013556499
0.33135601732317893,0.9419756117521892,0.01355537
0.331497816877692,0.9419756117521892,0.013536083
0.3315096335072347,0.9419756117521892,0.013534376
0.3319350321707739,0.9419756117521892,0.013481079
0.3319350321707739,0.9420574515099436,0.013480559
0.33222453959457143,0.9420574515099436,0.013440124
0.33222453959457143,0.9421392912676978,0.013439959
0.3322658977979711,0.9421392912676978,0.01343798
0.33227771442751386,0.9421392912676978,0.013434991
0.33296307894099364,0.9421392912676978,0.013335847
0.33296307894099364,0.9422211310254521,0.013334554
0.333453469067018,0.9422211310254521,0.013247345
0.33346528569656075,0.9422211310254521,0.013247071
0.3342097333577544,0.9422211310254521,0.013140402
0.3342097333577544,0.9423029707832065,0.013140191
0.3350782556291469,0.9423029707832065,0.01303063
0.3350782556291469,0.9423848105409608,0.013029434
0.3354327545154296,0.9423848105409608,0.012986537
0.33544457114497234,0.9423848105409608,0.012985803
0.335627728902885,0.9423848105409608,0.012955146
0.335627728902885,0.9424666502987151,0.012953708
0.3358699698085115,0.9424666502987151,0.012917993
0.3358699698085115,0.9425484900564695,0.012917955
0.33615947723230905,0.9425484900564695,0.0128812585
0.33615947723230905,0.9426303298142238,0.012880714
0.3368448417457888,0.9426303298142238,0.012772132
0.33685665837533163,0.9426303298142238,0.012771958
0.3390131932668845,0.9426303298142238,0.012461777
0.3390131932668845,0.9427121695719781,0.012461554
0.34005896498141835,0.9427121695719781,0.012300097
0.34005896498141835,0.9427940093297323,0.012299819
0.34043709712678655,0.9427940093297323,0.01224496
0.3404489137563293,0.9427940093297323,0.012244401
0.3413469776015787,0.9427940093297323,0.012094277
0.3413469776015787,0.9428758490874867,0.012093115
0.34136470254589285,0.9428758490874867,0.012083696
0.3413765191754356,0.9428758490874867,0.012083212
0.34143560232314935,0.9428758490874867,0.012076139
0.34143560232314935,0.942957688845241,0.0120747285
0.3425227322410829,0.942957688845241,0.011946556
0.3425227322410829,0.9430395286029953,0.011945712
0.3427058899989956,0.9430395286029953,0.01191564
0.3427058899989956,0.9431213683607497,0.011912922
0.3430781138295924,0.9431213683607497,0.01185153
0.3430781138295924,0.943203208118504,0.011850926
0.34319628012501996,0.943203208118504,0.011836907
0.34319628012501996,0.9432850478762583,0.011836617
0.3432317300136482,0.9432850478762583,0.011832958
0.34324354664319096,0.9432850478762583,0.011832692
0.34427750172818206,0.9432850478762583,0.011684174
0.3442893183577248,0.9432850478762583,0.0116838105
0.3446851754474071,0.9432850478762583,0.011621096
0.3446851754474071,0.9433668876340126,0.011620451
0.34522283209160254,0.9433668876340126,0.011532622
0.34522283209160254,0.9434487273917669,0.011531829
0.3457545804210265,0.9434487273917669,0.011451727
0.3457545804210265,0.9435305671495212,0.011451268
0.3458668384016827,0.9435305671495212,0.011438115
0.3458668384016827,0.9436124069072755,0.011437437
0.3459141049198537,0.9436124069072755,0.011431022
0.34592592154939644,0.9436124069072755,0.011430364
0.34743845013086916,0.9436124069072755,0.011199159
0.34743845013086916,0.9436942466650299,0.011198452
0.3474561750751833,0.9436942466650299,0.01119719
0.3474679917047261,0.9436942466650299,0.01119663
0.34749753327858296,0.9436942466650299,0.01118959
0.34749753327858296,0.9437760864227842,0.011188577
0.34805291486709244,0.9437760864227842,0.011083726
0.34805291486709244,0.9438579261805385,0.011083193
0.3485255800488027,0.9438579261805385,0.011007637
0.3485255800488027,0.9439397659382929,0.011006619
0.3492404861361394,0.9439397659382929,0.010897515
0.3492404861361394,0.9440216056960471,0.010897269
0.35070574819944106,0.9440216056960471,0.010688532
0.35070574819944106,0.9441034454538014,0.010688331
0.35182832800600283,0.9441034454538014,0.010525137
0.35182832800600283,0.9441852852115558,0.010525014
0.35217691857751415,0.9441852852115558,0.010475322
0.35217691857751415,0.9442671249693101,0.010474086
0.35238961790928375,0.9442671249693101,0.0104431445
0.35238961790928375,0.9443489647270644,0.010443055
0.352956816127336,0.9443489647270644,0.010361632
0.352956816127336,0.9444308044848188,0.010361088
0.35365990558512994,0.9444308044848188,0.010265022
0.3536717222146727,0.9444308044848188,0.010264159
0.3541030291929833,0.9444308044848188,0.010192584
0.35411484582252606,0.9444308044848188,0.01019256
0.3547115856144352,0.9444308044848188,0.010103918
0.3547115856144352,0.9445126442425731,0.010102449
0.3548711101132624,0.9445126442425731,0.010069285
0.35488292674280514,0.9445126442425731,0.010068525
0.3558518903653111,0.9445126442425731,0.009934609
0.3558518903653111,0.9445944840003273,0.00993458
0.35626547239930756,0.9445944840003273,0.009886183
0.3562772890288503,0.9445944840003273,0.0098856315
0.3567558625253319,0.9445944840003273,0.009811791
0.3567558625253319,0.9446763237580816,0.009811633
0.3578134508694085,0.9446763237580816,0.009645392
0.3578134508694085,0.944758163515836,0.009644659
0.35803796683072087,0.944758163515836,0.009607446
0.3580497834602636,0.944758163515836,0.00960546
0.35828611605111876,0.944758163515836,0.00957326
0.35828611605111876,0.9448400032735903,0.009572334
0.35871151471465795,0.9448400032735903,0.009510234
0.35871151471465795,0.9449218430313446,0.009509348
0.358806047751,0.9449218430313446,0.009494462
0.358806047751,0.945003682789099,0.009494099
0.35888876415779924,0.945003682789099,0.009485946
0.35888876415779924,0.9450855225468533,0.009485915
0.35929052956225294,0.9450855225468533,0.009420591
0.35929052956225294,0.9451673623046076,0.009420258
0.3593318877656526,0.9451673623046076,0.0094166985
0.3593318877656526,0.9452492020623618,0.009416649
0.35942642080199466,0.9452492020623618,0.009404905
0.35942642080199466,0.9453310418201162,0.00940419
0.35950913720879396,0.9453310418201162,0.009393703
0.35950913720879396,0.9454128815778705,0.00939295
0.3596568450780784,0.9454128815778705,0.009373022
0.3596568450780784,0.9454947213356248,0.009371672
0.36004088553821795,0.9454947213356248,0.009312991
0.36004088553821795,0.9455765610933792,0.009311636
0.3600467938529893,0.9455765610933792,0.009310892
0.3600467938529893,0.9456584008511335,0.009309744
0.360714433422155,0.9456584008511335,0.009211293
0.360714433422155,0.9457402406088878,0.009210536
0.3610689323084377,0.9457402406088878,0.009156474
0.3610689323084377,0.9458220803666421,0.009156431
0.3611930069186366,0.9458220803666421,0.009145553
0.3611930069186366,0.9459039201243964,0.009145242
0.36122254849249347,0.9459039201243964,0.009142957
0.36122254849249347,0.9459857598821507,0.009142693
0.3623510366138266,0.9459857598821507,0.008977997
0.3623628532433694,0.9459857598821507,0.008975158
0.3623687615581408,0.9459857598821507,0.008974133
0.36238057818768354,0.9459857598821507,0.008973912
0.3625637359455962,0.9459857598821507,0.008948664
0.3625637359455962,0.946067599639905,0.008948529
0.36295368472050715,0.946067599639905,0.008889587
0.36295368472050715,0.9461494393976594,0.00888791
0.3630659427011633,0.9461494393976594,0.008870931
0.3630659427011633,0.9462312791554137,0.008869569
0.36402899800889793,0.9462312791554137,0.008728976
0.36402899800889793,0.946313118913168,0.008727747
0.36465527937466397,0.946313118913168,0.00864017
0.3646670960042067,0.946313118913168,0.008638933
0.36558288479377027,0.946313118913168,0.008501177
0.36558288479377027,0.9463949586709224,0.008499653
0.3660260084016236,0.9463949586709224,0.0084421495
0.3660260084016236,0.9464767984286766,0.008441635
0.36603191671639496,0.9464767984286766,0.0084412
0.36603191671639496,0.9465586381864309,0.008441036
0.3663745989731349,0.9465586381864309,0.00838987
0.3663745989731349,0.9466404779441853,0.008389699
0.3675680785569532,0.9466404779441853,0.008198078
0.3675680785569532,0.9467223177019396,0.008198054
0.36766851990806665,0.9467223177019396,0.008176166
0.36766851990806665,0.9468041574596939,0.00817395
0.3677453280000945,0.9468041574596939,0.008165833
0.3677453280000945,0.9468859972174483,0.008165682
0.36776896125918007,0.9468859972174483,0.008161581
0.36776896125918007,0.9469678369752026,0.008160632
0.3680643769977489,0.9469678369752026,0.008127499
0.3680643769977489,0.9470496767329569,0.008126158
0.36838933431017473,0.9470496767329569,0.0080805905
0.36838933431017473,0.9471315164907111,0.00807998
0.36864339184534395,0.9471315164907111,0.008044786
0.36864339184534395,0.9472133562484655,0.008044401
0.36923422332248174,0.9472133562484655,0.007972053
0.3692460399520245,0.9472133562484655,0.007971552
0.3692637648963386,0.9472133562484655,0.007970383
0.3692637648963386,0.9472951960062198,0.007970029
0.36938783950653753,0.9472951960062198,0.007953533
0.3693996561360803,0.9472951960062198,0.0079525625
0.3694291977099372,0.9472951960062198,0.007950659
0.3694291977099372,0.9473770357639741,0.007949997
0.3697246134485061,0.9473770357639741,0.007901417
0.36973643007804885,0.9473770357639741,0.007900464
0.37035089481427214,0.9473770357639741,0.007813094
0.37035089481427214,0.9474588755217285,0.007812051
0.37050451099832793,0.9474588755217285,0.007792554
0.3705163276278707,0.9474588755217285,0.0077890223
0.3706108606642127,0.9474588755217285,0.0077704196
0.3706108606642127,0.9475407152794828,0.0077700955
0.371178058882265,0.9475407152794828,0.0076920683
0.371178058882265,0.9476225550372371,0.0076918104
0.372022947894572,0.9476225550372371,0.007559312
0.372022947894572,0.9477043947949914,0.007559283
0.37228882205928404,0.9477043947949914,0.0075227474
0.37228882205928404,0.9477862345527457,0.007521384
0.37247788813196814,0.9477862345527457,0.007494614
0.37247788813196814,0.9478680743105,0.0074942773
0.37273785398190873,0.9478680743105,0.0074631684
0.37273785398190873,0.9480317538260087,0.007462317
0.37336413534767476,0.9480317538260087,0.0073803994
0.37336413534767476,0.9481954333415173,0.0073795645
0.3734114018658458,0.9481954333415173,0.0073733465
0.3734114018658458,0.9482772730992717,0.0073723514
0.3744748985246938,0.9482772730992717,0.0072229435
0.3744748985246938,0.9483591128570259,0.0072220545
0.37481758078143373,0.9483591128570259,0.007174083
0.37481758078143373,0.9484409526147802,0.007173706
0.3751070882052312,0.9484409526147802,0.0071278913
0.375118904834774,0.9484409526147802,0.0071274797
0.3753729623699432,0.9484409526147802,0.007097161
0.3753729623699432,0.9485227923725346,0.0070960987
0.375650653164198,0.9485227923725346,0.007059188
0.375650653164198,0.9486046321302889,0.007058944
0.37566246979374074,0.9486046321302889,0.0070576943
0.37568610305282624,0.9486046321302889,0.0070570926
0.3772045399490703,0.9486046321302889,0.0068397075
0.3772045399490703,0.9486864718880432,0.006838374
0.3772754397263269,0.9486864718880432,0.0068281153
0.3772754397263269,0.9487683116457976,0.0068273004
0.37778355479666537,0.9487683116457976,0.006763611
0.37778355479666537,0.9488501514035519,0.0067629735
0.37786036288869324,0.9488501514035519,0.006752824
0.37786036288869324,0.9489319911613061,0.0067524915
0.37788990446255016,0.9489319911613061,0.0067469957
0.37788990446255016,0.9490138309190604,0.006746945
0.3781616869420335,0.9490138309190604,0.0067189527
0.3781616869420335,0.9490956706768148,0.006717158
0.3781675952568049,0.9490956706768148,0.0067165573
0.3781675952568049,0.9491775104345691,0.0067160255
0.3784157444772028,0.9491775104345691,0.0066813664
0.3784157444772028,0.9492593501923234,0.0066807745
0.38006416429841716,0.9492593501923234,0.0064784377
0.3800759809279599,0.9492593501923234,0.0064773792
0.3802473220563299,0.9492593501923234,0.006452366
0.38025913868587263,0.9492593501923234,0.006451494
0.380749528811897,0.9492593501923234,0.006394462
0.380749528811897,0.9493411899500778,0.00639305
0.3807672537562111,0.9493411899500778,0.006390767
0.3807672537562111,0.9494230297078321,0.006390298
0.38091496162549554,0.9494230297078321,0.0063770437
0.38091496162549554,0.9495048694655864,0.0063770288
0.38096813645843797,0.9495048694655864,0.0063712187
0.38096813645843797,0.9495867092233407,0.0063705817
0.3812162856788358,0.9495867092233407,0.006342797
0.3812162856788358,0.949668548981095,0.006341355
0.3815117014174047,0.949668548981095,0.0063076993
0.3815117014174047,0.9497503887388493,0.0063066264
0.3821852493013418,0.9497503887388493,0.0062295613
0.38219706593088454,0.9497503887388493,0.00622841
0.3822266075047414,0.9497503887388493,0.006224412
0.38223842413428416,0.9497503887388493,0.0062240143
0.38238022368879726,0.9497503887388493,0.0062053665
0.38238022368879726,0.9498322284966036,0.0062050163
0.38245703178082513,0.9498322284966036,0.006194936
0.38246884841036793,0.9498322284966036,0.0061936476
0.38267563942736615,0.9498322284966036,0.006166984
0.38267563942736615,0.949914068254358,0.006166405
0.38288833875913575,0.949914068254358,0.006130999
0.38288833875913575,0.9499959080121123,0.006130952
0.382923788647764,0.9499959080121123,0.0061266245
0.382923788647764,0.9500777477698666,0.006125248
0.3836800529385003,0.9500777477698666,0.006028466
0.3836800529385003,0.9501595875276209,0.0060282773
0.3842295262122385,0.9501595875276209,0.0059597297
0.3842295262122385,0.9502414272853752,0.0059584724
0.3843299675633519,0.9502414272853752,0.0059468336
0.3843299675633519,0.9503232670431295,0.0059461347
0.3847789994859766,0.9503232670431295,0.005900202
0.3847789994859766,0.9504051068008839,0.0059000705
0.38532847275971477,0.9504051068008839,0.0058284663
0.38532847275971477,0.9504869465586382,0.0058283587
0.38550572220285606,0.9504869465586382,0.0058162417
0.38550572220285606,0.9505687863163925,0.005815591
0.3862147199754214,0.9505687863163925,0.0057317517
0.3862147199754214,0.9506506260741469,0.005731575
0.38729594157858355,0.9506506260741469,0.0056233555
0.38729594157858355,0.9507324658319012,0.0056227976
0.38742592450355384,0.9507324658319012,0.0056093927
0.38742592450355384,0.9508143055896554,0.0056090737
0.3893461268042516,0.9508143055896554,0.0053964145
0.3893579434337944,0.9508143055896554,0.005396274
0.38967699243144877,0.9508143055896554,0.005370841
0.38967699243144877,0.9508961453474097,0.005370459
0.3906577726834975,0.9508961453474097,0.0052741445
0.3906577726834975,0.9509779851051641,0.0052740267
0.3907582140346109,0.9509779851051641,0.0052659777
0.39077003066415367,0.9509779851051641,0.005264651
0.3907818472936964,0.9509779851051641,0.005262589
0.3907818472936964,0.9510598248629184,0.005262392
0.390947280107295,0.9510598248629184,0.0052485024
0.390947280107295,0.9511416646206727,0.005248412
0.39120133764246423,0.9511416646206727,0.005226345
0.39120133764246423,0.9512235043784271,0.0052261264
0.3915085700105759,0.9512235043784271,0.005190585
0.3915085700105759,0.9513053441361814,0.005190368
0.39161491967646067,0.9513053441361814,0.005181008
0.39161491967646067,0.9513871838939357,0.005179039
0.3918158023786875,0.9513871838939357,0.0051565547
0.3918158023786875,0.95146902365169,0.005155904
0.3929915570181917,0.95146902365169,0.005058558
0.3929915570181917,0.9515508634094443,0.005058498
0.3932515228681323,0.9515508634094443,0.00503554
0.3932515228681323,0.9516327031671986,0.005035428
0.393824629400956,0.9516327031671986,0.004982116
0.393824629400956,0.9517145429249529,0.004981797
0.395295799779029,0.9517145429249529,0.0048462376
0.395295799779029,0.9517963826827073,0.004845916
0.3962883966606205,0.9517963826827073,0.0047425344
0.3962883966606205,0.9518782224404616,0.0047420077
0.39707420252521375,0.9518782224404616,0.004671333
0.39707420252521375,0.9519600621982159,0.00467028
0.3970860191547565,0.9519600621982159,0.004668773
0.3970860191547565,0.9520419019559702,0.004668489
0.39745824298535326,0.9520419019559702,0.004639672
0.39747005961489607,0.9520419019559702,0.0046392824
0.39760595085463774,0.9520419019559702,0.00462502
0.39760595085463774,0.9521237417137245,0.0046248073
0.3976768506318943,0.9521237417137245,0.004620393
0.3976768506318943,0.9522055814714788,0.004620112
0.39855718953282954,0.9522055814714788,0.0045434455
0.39855718953282954,0.9522874212292332,0.0045432146
0.3986458142544002,0.9522874212292332,0.0045364243
0.3986458142544002,0.9523692609869875,0.004535606
0.3993902619155938,0.9523692609869875,0.004477712
0.3993902619155938,0.9524511007447418,0.0044777105
0.3994729783223931,0.9524511007447418,0.0044705314
0.3994729783223931,0.9525329405024962,0.004470423
0.39960296124736344,0.9525329405024962,0.0044617667
0.39960296124736344,0.9526147802602505,0.004461466
0.4004183086858135,0.9526147802602505,0.004395693
0.4004301253153563,0.9526147802602505,0.004394472
0.40129273927197745,0.9526147802602505,0.004325873
0.40129273927197745,0.9526966200180047,0.004325723
0.40198401210022866,0.9526966200180047,0.004257228
0.40198401210022866,0.952778459775759,0.004256573
0.4028170844829929,0.952778459775759,0.0041875537
0.4028170844829929,0.9528602995335134,0.0041874144
0.403366557756731,0.9528602995335134,0.004146131
0.403366557756731,0.9529421392912677,0.0041460604
0.40375650653164197,0.9529421392912677,0.004114827
0.40375650653164197,0.953023979049022,0.004114675
0.40490862791206067,0.953023979049022,0.0040179607
0.40490862791206067,0.9531058188067764,0.00401698
0.40493226117114617,0.9531058188067764,0.0040133684
0.40493226117114617,0.9531876585645307,0.004013334
0.40533402657559986,0.9531876585645307,0.0039768512
0.40533402657559986,0.9532694983222849,0.003976517
0.40544037624148466,0.9532694983222849,0.003967592
0.40544037624148466,0.9533513380800392,0.0039675753
0.4057889668129959,0.9533513380800392,0.0039388835
0.4057889668129959,0.9534331778377936,0.0039387993
0.40742557000466756,0.9534331778377936,0.0038149324
0.40742557000466756,0.9535150175955479,0.003814882
0.40868994936574243,0.9535150175955479,0.0037076036
0.40868994936574243,0.9535968573533022,0.0037070734
0.40881993229071273,0.9535968573533022,0.0036964056
0.40881993229071273,0.9536786971110566,0.0036956945
0.40900309004862545,0.9536786971110566,0.0036821668
0.40900309004862545,0.9537605368688109,0.0036820844
0.4094580302860215,0.9537605368688109,0.003645076
0.4094580302860215,0.9538423766265652,0.0036448974
0.4101315781699586,0.9538423766265652,0.0035964823
0.4101315781699586,0.9539242163843195,0.0035961578
0.4102202028915293,0.9539242163843195,0.0035878618
0.4102202028915293,0.9540060561420738,0.0035872057
0.4103915440198992,0.9540060561420738,0.0035746424
0.4103915440198992,0.9540878958998281,0.0035742517
0.4105747017778119,0.9540878958998281,0.0035627137
0.4105747017778119,0.9541697356575825,0.0035617338
0.41097055886749423,0.9541697356575825,0.0035355971
0.41097055886749423,0.9542515754153368,0.0035355736
0.4117504564173161,0.9542515754153368,0.0034823169
0.4117504564173161,0.9543334151730911,0.0034819017
0.4117563647320875,0.9543334151730911,0.0034805518
0.4117563647320875,0.9544152549308454,0.003480507
0.41410196569632446,0.9544152549308454,0.003314068
0.41410196569632446,0.9544970946885997,0.0033140585
0.4144741895269212,0.9544970946885997,0.0032873405
0.4144741895269212,0.954578934446354,0.0032866704
0.4145214560450923,0.954578934446354,0.0032840332
0.4145214560450923,0.9546607742041083,0.0032840068
0.414580539192806,0.9546607742041083,0.003281052
0.414580539192806,0.9547426139618627,0.003280503
0.4146041724518916,0.9547426139618627,0.0032789565
0.4146159890814343,0.9547426139618627,0.003278829
0.414751880321176,0.9547426139618627,0.0032661436
0.414751880321176,0.954824453719617,0.0032659527
0.41545496977896995,0.954824453719617,0.0032057653
0.41545496977896995,0.9549062934773713,0.0032057394
0.4177651208545787,0.9549062934773713,0.0030424774
0.4177651208545787,0.9549881332351257,0.0030424744
0.4178064790579783,0.9549881332351257,0.0030403647
0.4178064790579783,0.95506997299288,0.0030399705
0.41784192894660654,0.95506997299288,0.0030385125
0.41784192894660654,0.9551518127506342,0.0030376245
0.41785965389092067,0.9551518127506342,0.0030370352
0.41785965389092067,0.9552336525083885,0.0030370194
0.41918902471448066,0.9552336525083885,0.002939328
0.41920084134402347,0.9552336525083885,0.002938938
0.41973258967344745,0.9552336525083885,0.0029070694
0.41973258967344745,0.9553154922661429,0.0029059942
0.42020525485515764,0.9553154922661429,0.0028740964
0.42020525485515764,0.9553973320238972,0.0028737874
0.42026433800287144,0.9553973320238972,0.0028680598
0.42026433800287144,0.9554791717816515,0.002867806
0.4205479371118976,0.9554791717816515,0.002846482
0.4205479371118976,0.9555610115394059,0.0028463844
0.42055975374144033,0.9555610115394059,0.0028454224
0.42055975374144033,0.9556428512971602,0.0028442552
0.4208433528504665,0.9556428512971602,0.0028204299
0.4208433528504665,0.9557246910549145,0.0028201053
0.4228817214465918,0.9557246910549145,0.002685116
0.4228817214465918,0.9558065308126688,0.0026850442
0.4231003290931328,0.9558065308126688,0.0026725954
0.4231003290931328,0.9558883705704231,0.0026722625
0.4237325187736702,0.9558883705704231,0.0026280708
0.4237325187736702,0.9559702103281774,0.0026276845
0.42384477675432636,0.9559702103281774,0.002622487
0.42384477675432636,0.9560520500859317,0.0026219732
0.4242642671030942,0.9560520500859317,0.002601596
0.4242760837326369,0.9560520500859317,0.0026015898
0.42474874891434716,0.9560520500859317,0.0025787766
0.42474874891434716,0.9561338898436861,0.0025786527
0.4249732648756595,0.9561338898436861,0.0025671364
0.4249732648756595,0.9562157296014404,0.0025670864
0.42663350132641664,0.9562157296014404,0.0024790624
0.42663350132641664,0.9562975693591947,0.0024788089
0.42793333057611976,0.9562975693591947,0.0024059755
0.42793333057611976,0.956379409116949,0.002405821
0.42839417912828726,0.956379409116949,0.0023786102
0.42839417912828726,0.9564612488747033,0.0023786058
0.428624603404371,0.9564612488747033,0.0023655116
0.428624603404371,0.9565430886324576,0.0023650122
0.4288727526247688,0.9565430886324576,0.0023517949
0.4288727526247688,0.956624928390212,0.0023514805
0.4299716991722451,0.956624928390212,0.0022878512
0.4299716991722451,0.9567067681479663,0.0022878186
0.43006032389381577,0.9567067681479663,0.0022818595
0.4300721405233585,0.9567067681479663,0.0022812625
0.4304502726687267,0.9567067681479663,0.002262356
0.43046208929826946,0.9567067681479663,0.002262203
0.4308165881845521,0.9567067681479663,0.0022415624
0.4308165881845521,0.9567886079057206,0.0022410771
0.43107064571972137,0.9567886079057206,0.002225513
0.4310824623492641,0.9567886079057206,0.0022252242
0.43122426190377716,0.9567886079057206,0.0022201955
0.43122426190377716,0.956870447663475,0.0022189915
0.43123017021854854,0.956870447663475,0.002218978
0.43123017021854854,0.9569522874212293,0.0022187403
0.4322050421558259,0.9569522874212293,0.0021666186
0.4322050421558259,0.9570341271789835,0.0021657713
0.43253590778302303,0.9570341271789835,0.002151928
0.43253590778302303,0.9571159669367378,0.0021514385
0.43335125522147316,0.9571159669367378,0.0021103483
0.43335125522147316,0.9571978066944922,0.0021103213
0.43383573703272615,0.9571978066944922,0.0020845274
0.43383573703272615,0.9572796464522465,0.002084474
0.43440293525077844,0.9572796464522465,0.002058047
0.43440293525077844,0.9573614862100008,0.002057538
0.43518874111537165,0.9573614862100008,0.002025128
0.43518874111537165,0.9574433259677552,0.0020249372
0.43575003101865256,0.9574433259677552,0.0019968124
0.43575003101865256,0.9575251657255095,0.001996742
0.436476753735532,0.9575251657255095,0.0019631388
0.436476753735532,0.9576070054832637,0.0019630783
0.43758751691255104,0.9576070054832637,0.0019105067
0.43758751691255104,0.957688845241018,0.0019100177
0.4382551564817167,0.957688845241018,0.0018781474
0.4382551564817167,0.9577706849987724,0.0018779472
0.43832605625897325,0.9577706849987724,0.0018736193
0.43832605625897325,0.9578525247565267,0.00187288
0.43834968951805875,0.9578525247565267,0.0018717919
0.43834968951805875,0.957934364514281,0.0018717161
0.43880462975545487,0.957934364514281,0.00185313
0.43880462975545487,0.9580162042720354,0.0018530126
0.43882826301454037,0.9580162042720354,0.0018524792
0.43882826301454037,0.958179883787544,0.0018516039
0.43899369582813896,0.958179883787544,0.001845901
0.43899369582813896,0.9582617235452983,0.0018457632
0.4391177704383379,0.9582617235452983,0.001841559
0.4391177704383379,0.9583435633030526,0.0018408861
0.4396022522495909,0.9583435633030526,0.0018177493
0.4396022522495909,0.9584254030608069,0.0018177157
0.4397204185450184,0.9584254030608069,0.0018101551
0.4397204185450184,0.9585072428185613,0.001809751
0.43999220102450176,0.9585072428185613,0.0018004718
0.43999220102450176,0.9585890825763156,0.0018003774
0.44020490035627136,0.9585890825763156,0.0017919922
0.44020490035627136,0.9586709223340699,0.0017919665
0.440417599688041,0.9586709223340699,0.001781422
0.440417599688041,0.9587527620918243,0.0017813396
0.44043532463235513,0.9587527620918243,0.001780515
0.44043532463235513,0.9588346018495785,0.0017804955
0.4405771241868682,0.9588346018495785,0.0017752175
0.4405771241868682,0.9589164416073328,0.0017745687
0.4405948491311823,0.9589164416073328,0.0017730986
0.4405948491311823,0.9589982813650871,0.0017728994
0.4411206891458349,0.9589982813650871,0.0017441382
0.4411206891458349,0.9590801211228415,0.0017438682
0.44117386397877734,0.9590801211228415,0.0017423755
0.44117386397877734,0.9591619608805958,0.0017420588
0.44135702173669006,0.9591619608805958,0.0017310006
0.44135702173669006,0.9592438006383501,0.0017308332
0.4413983799400897,0.9592438006383501,0.0017289312
0.4413983799400897,0.9593256403961045,0.0017286687
0.4415401794946028,0.9593256403961045,0.0017243417
0.4415401794946028,0.9594074801538588,0.0017242562
0.44161698758663065,0.9594074801538588,0.0017203924
0.44161698758663065,0.959489319911613,0.001719563
0.4419419448990564,0.959489319911613,0.0017004795
0.4419419448990564,0.9595711596693673,0.0017004448
0.44201284467631297,0.9595711596693673,0.0016958233
0.44201284467631297,0.9596529994271217,0.0016957393
0.4425741345795939,0.9596529994271217,0.0016743825
0.4425741345795939,0.959734839184876,0.0016739625
0.4425977678386794,0.959734839184876,0.0016737045
0.4425977678386794,0.9598166789426303,0.0016735601
0.442639126042079,0.9598166789426303,0.0016723345
0.442639126042079,0.9598985187003847,0.0016721537
0.4428281921147631,0.9598985187003847,0.0016602324
0.4428281921147631,0.959980358458139,0.001659594
0.4431472411124175,0.959980358458139,0.0016429346
0.4431472411124175,0.9600621982158932,0.0016423278
0.4435844564054995,0.9600621982158932,0.0016216171
0.4435844564054995,0.9601440379736476,0.0016207102
0.443749889219098,0.9601440379736476,0.0016138693
0.4437617058486408,0.9601440379736476,0.0016131143
0.4438207889963546,0.9601440379736476,0.0016115851
0.4438207889963546,0.9602258777314019,0.0016111986
0.44413983799400897,0.9602258777314019,0.0015970515
0.44413983799400897,0.9603077174891562,0.0015969428
0.4442875458632934,0.9603077174891562,0.0015928979
0.4442875458632934,0.9603895572469106,0.0015926568
0.4443229957519217,0.9603895572469106,0.0015919792
0.4443229957519217,0.9604713970046649,0.0015917335
0.4445534200280054,0.9604713970046649,0.0015811763
0.4445534200280054,0.9605532367624192,0.0015807737
0.4448429274518029,0.9605532367624192,0.001567879
0.4448429274518029,0.9606350765201735,0.0015678664
0.4452269679119425,0.9606350765201735,0.0015509541
0.4452269679119425,0.9607169162779278,0.0015506247
0.44531559263351317,0.9607169162779278,0.0015465742
0.44531559263351317,0.9607987560356821,0.0015459211
0.4460718569242495,0.9607987560356821,0.001509844
0.4460718569242495,0.9608805957934364,0.0015097175
0.44642044749576076,0.9608805957934364,0.0014944993
0.44642044749576076,0.9609624355511908,0.001493753
0.4465149805321028,0.9609624355511908,0.0014909002
0.4465149805321028,0.9610442753089451,0.0014908974
0.44677494638204346,0.9610442753089451,0.0014789306
0.44677494638204346,0.9611261150666994,0.0014785758
0.447377594488724,0.9611261150666994,0.0014593453
0.447377594488724,0.9612079548244538,0.0014593404
0.44738941111826674,0.9612079548244538,0.0014592008
0.44738941111826674,0.9612897945822081,0.0014590896
0.4473953194330381,0.9612897945822081,0.0014589978
0.4473953194330381,0.9613716343399623,0.0014584846
0.4474189526921236,0.9613716343399623,0.0014576757
0.4474189526921236,0.9614534740977166,0.0014574087
0.4479684259658618,0.9614534740977166,0.0014370997
0.44798024259540453,0.9614534740977166,0.0014370607
0.4479861509101759,0.9614534740977166,0.001437021
0.4479861509101759,0.961535313855471,0.0014368355
0.4480334174283469,0.961535313855471,0.0014360059
0.4480334174283469,0.9616171536132253,0.0014359191
0.44835837474077267,0.9616171536132253,0.0014220935
0.44835837474077267,0.9616989933709796,0.0014220596
0.4484115495737151,0.9616989933709796,0.001420004
0.44842336620325784,0.9616989933709796,0.0014199709
0.44850017429528577,0.9616989933709796,0.0014167143
0.4485119909248285,0.9616989933709796,0.0014166604
0.4487483235156836,0.9616989933709796,0.0014059036
0.4487483235156836,0.961780833128734,0.0014058641
0.4489846561065387,0.961780833128734,0.0013990432
0.4489846561065387,0.9618626728864883,0.0013990232
0.4491678138644514,0.9618626728864883,0.0013924907
0.4491678138644514,0.9619445126442425,0.001392148
0.44961684578707617,0.9619445126442425,0.001373327
0.44961684578707617,0.9620263524019969,0.0013731158
0.44964047904616167,0.9620263524019969,0.0013723935
0.44964047904616167,0.9621081921597512,0.001371383
0.4500008862472157,0.9621081921597512,0.001359784
0.4500008862472157,0.9621900319175055,0.0013595626
0.45009541928355773,0.9621900319175055,0.0013558058
0.45009541928355773,0.9622718716752598,0.0013557702
0.45042037659598355,0.9622718716752598,0.0013444358
0.45042037659598355,0.9623537114330142,0.0013438546
0.45055035952095385,0.9623537114330142,0.001339239
0.45055035952095385,0.9624355511907685,0.0013390552
0.45082214200043724,0.9624355511907685,0.0013295017
0.45082214200043724,0.9625173909485228,0.001329227
0.4509580332401789,0.9625173909485228,0.0013250994
0.4509580332401789,0.9625992307062771,0.0013248955
0.4512593572935192,0.9625992307062771,0.0013155042
0.4512593572935192,0.9626810704640314,0.0013153652
0.4514956898843743,0.9626810704640314,0.0013075623
0.4514956898843743,0.9627629102217857,0.0013074783
0.45158431460594495,0.9627629102217857,0.0013060656
0.4515961312354877,0.9627629102217857,0.0013058678
0.45160203955025907,0.9627629102217857,0.0013058654
0.45160203955025907,0.9628447499795401,0.0013058274
0.45169066427182974,0.9628447499795401,0.0013034951
0.45169066427182974,0.9629265897372944,0.0013034324
0.4520510714728838,0.9629265897372944,0.0012909127
0.4520510714728838,0.9630084294950487,0.0012908027
0.4521456045092258,0.9630084294950487,0.00128808
0.4521456045092258,0.963090269252803,0.001287883
0.4528959604851908,0.963090269252803,0.0012629607
0.4528959604851908,0.9631721090105573,0.0012629277
0.4533509007225869,0.9631721090105573,0.0012484025
0.4533509007225869,0.9632539487683116,0.0012480958
0.45346315870324305,0.9632539487683116,0.0012445919
0.45346315870324305,0.9633357885260659,0.001244515
0.4535104252214141,0.9633357885260659,0.001243352
0.4535104252214141,0.9634176282838203,0.0012430282
0.4535576917395851,0.9634176282838203,0.0012413616
0.4535576917395851,0.9634994680415746,0.0012413593
0.4536463164611558,0.9634994680415746,0.0012381951
0.4536581330906985,0.9634994680415746,0.0012375372
0.45404808186560947,0.9634994680415746,0.0012252459
0.45404808186560947,0.9635813077993289,0.0012252441
0.4540953483837805,0.9635813077993289,0.001223055
0.4540953483837805,0.9636631475570833,0.001222935
0.45476889626771755,0.9636631475570833,0.0012058148
0.45476889626771755,0.9637449873148376,0.0012054966
0.45519429493125674,0.9637449873148376,0.0011951568
0.45519429493125674,0.9638268270725918,0.0011950703
0.45557242707662493,0.9638268270725918,0.001181754
0.45557242707662493,0.9639086668303462,0.0011817439
0.4557851264083945,0.9639086668303462,0.0011769745
0.4557851264083945,0.9639905065881005,0.001176362
0.4559387425924504,0.9639905065881005,0.0011725231
0.4559387425924504,0.9640723463458548,0.0011724824
0.45618098349807684,0.9640723463458548,0.0011661835
0.45618098349807684,0.9641541861036091,0.0011655915
0.4564586742923316,0.9641541861036091,0.0011594208
0.4564586742923316,0.9642360258613635,0.0011590768
0.456464582607103,0.9642360258613635,0.0011590702
0.456464582607103,0.9643178656191178,0.0011590283
0.45687225632632805,0.9643178656191178,0.0011474601
0.45687225632632805,0.964399705376872,0.0011474573
0.45742172960006616,0.964399705376872,0.0011282654
0.45742172960006616,0.9644815451346264,0.0011278748
0.45745717948869447,0.9644815451346264,0.0011275306
0.45745717948869447,0.9645633848923807,0.0011270676
0.457575345784122,0.9645633848923807,0.0011239558
0.457575345784122,0.964645224650135,0.0011239005
0.4576521538761499,0.964645224650135,0.0011219163
0.4576521538761499,0.9647270644078894,0.0011218635
0.45795347792949015,0.9647270644078894,0.001113024
0.45795347792949015,0.9648089041656437,0.0011127823
0.45796529455903295,0.9648089041656437,0.001112113
0.45796529455903295,0.964890743923398,0.0011119971
0.458154360631717,0.964890743923398,0.001106917
0.458154360631717,0.9649725836811524,0.0011068259
0.45854430940662794,0.9649725836811524,0.0010924299
0.45854430940662794,0.9650544234389066,0.0010923955
0.45883972514519683,0.9650544234389066,0.0010810451
0.45883972514519683,0.9651362631966609,0.0010810379
0.4590169745883382,0.9651362631966609,0.0010753272
0.4590287912178809,0.9651362631966609,0.0010752323
0.4592060406610223,0.9651362631966609,0.0010697494
0.4592060406610223,0.9652181029544152,0.0010697041
0.45934193190076394,0.9652181029544152,0.0010648515
0.4593537485303067,0.9652181029544152,0.0010648156
0.4593537485303067,0.9652999427121696,0.001064453
0.459436464937106,0.9652999427121696,0.00106249
0.459436464937106,0.9654636222276782,0.00106215
0.45950145639959117,0.9654636222276782,0.0010603378
0.45950145639959117,0.9655454619854326,0.001060004
0.4595132730291339,0.9655454619854326,0.0010596617
0.4595132730291339,0.9656273017431869,0.0010595865
0.4595428146029908,0.9656273017431869,0.0010589185
0.4595428146029908,0.9657091415009411,0.0010589104
0.4598795885449593,0.9657091415009411,0.0010518493
0.4598795885449593,0.9657909812586954,0.0010515938
0.4599150384335876,0.9657909812586954,0.0010510625
0.4599150384335876,0.9658728210164498,0.0010508947
0.4599623049517586,0.9658728210164498,0.0010490897
0.4599623049517586,0.9659546607742041,0.0010490073
0.4604113368743833,0.9659546607742041,0.001036648
0.4604113368743833,0.9660365005319584,0.0010365369
0.46094308520380733,0.9660365005319584,0.0010194683
0.46094308520380733,0.9661183402897128,0.0010194295
0.4610198932958352,0.9661183402897128,0.0010179732
0.4610198932958352,0.9662001800474671,0.0010179199
0.461078976443549,0.9662001800474671,0.0010163578
0.461078976443549,0.9662820198052213,0.0010159686
0.46133894229348965,0.9662820198052213,0.0010097057
0.46133894229348965,0.9663638595629757,0.0010093739
0.4613507589230324,0.9663638595629757,0.0010090509
0.4613507589230324,0.96644569932073,0.0010089504
0.4614216587002889,0.96644569932073,0.0010067539
0.4614216587002889,0.9665275390784843,0.0010065056
0.4618234241047426,0.9665275390784843,0.0009955026
0.46182933241951396,0.9666093788362387,0.0009953054
0.4624969719886797,0.9666093788362387,0.000978716
0.4624969719886797,0.966691218593993,0.0009786726
0.4628691958192765,0.966691218593993,0.0009691516
0.4628691958192765,0.9667730583517473,0.00096890185
0.46321778639078776,0.9667730583517473,0.000957132
0.46321778639078776,0.9668548981095016,0.0009571138
0.46340685246347185,0.9668548981095016,0.00095162034
0.46340685246347185,0.9669367378672559,0.000951517
0.4636313684247842,0.9669367378672559,0.0009456074
0.4636313684247842,0.9670185776250102,0.00094556145
0.46387360933041066,0.9670185776250102,0.0009396332
0.46387360933041066,0.9671004173827645,0.00093951507
0.46390905921903897,0.9671004173827645,0.00093851436
0.46390905921903897,0.9671822571405189,0.00093829655
0.4641572084394368,0.9671822571405189,0.00093089417
0.4641572084394368,0.9672640968982732,0.00093064806
0.4645176156404909,0.9672640968982732,0.00092128833
0.4645176156404909,0.9673459366560275,0.00092104386
0.4645530655291191,0.9673459366560275,0.0009203215
0.4645530655291191,0.9674277764137819,0.0009202654
0.4646416902506898,0.9674277764137819,0.0009182991
0.4646416902506898,0.9675096161715361,0.0009181328
0.46469486508363217,0.9675096161715361,0.0009172772
0.46469486508363217,0.9675914559292904,0.0009172152
0.46473622328703185,0.9675914559292904,0.0009162068
0.46473622328703185,0.9676732956870447,0.00091617706
0.46475985654611734,0.9676732956870447,0.00091551174
0.46475985654611734,0.9677551354447991,0.0009154349
0.4650434556551435,0.9677551354447991,0.0009077204
0.4650434556551435,0.9678369752025534,0.0009075406
0.4650611805994576,0.9678369752025534,0.0009073997
0.4650611805994576,0.9679188149603077,0.00090734044
0.46579381163110845,0.9679188149603077,0.0008911259
0.46579381163110845,0.9680006547180621,0.0008908139
0.4666091590695586,0.9680006547180621,0.000871376
0.4666091590695586,0.9680824944758164,0.00087124354
0.4668454916604137,0.9680824944758164,0.00086694775
0.4668573082899565,0.9680824944758164,0.0008668181
0.467022741103555,0.9680824944758164,0.0008642692
0.467022741103555,0.9681643342335706,0.0008640128
0.46775537213520585,0.9681643342335706,0.0008472746
0.46775537213520585,0.968246173991325,0.0008471725
0.46922654251327894,0.968246173991325,0.00081659417
0.46922654251327894,0.9683280137490793,0.0008165789
0.46970511600976056,0.9683280137490793,0.00080750865
0.4697169326393033,0.9683280137490793,0.0008074682
0.4700359816369577,0.9683280137490793,0.0008020875
0.4700359816369577,0.9684098535068336,0.00080204464
0.470165964561928,0.9684098535068336,0.0007986953
0.470165964561928,0.968491693264588,0.0007985758
0.4711467448139767,0.968491693264588,0.00077896845
0.4711467448139767,0.9685735330223423,0.0007789507
0.47126491110940427,0.9685735330223423,0.0007763093
0.47126491110940427,0.9686553727800966,0.00077630597
0.4717257596615717,0.9686553727800966,0.00076752715
0.4717257596615717,0.9687372125378508,0.0007675147
0.4717612095502,0.9687372125378508,0.00076639757
0.4717612095502,0.9688190522956052,0.00076636253
0.4739650109599239,0.9688190522956052,0.0007242751
0.4739650109599239,0.9689008920533595,0.0007242392
0.47403000242240906,0.9689008920533595,0.0007227706
0.47403000242240906,0.9689827318111138,0.00072272756
0.47458538401091854,0.9689827318111138,0.00071166863
0.47458538401091854,0.9690645715688682,0.0007116008
0.47469764199157477,0.9690645715688682,0.0007104791
0.47469764199157477,0.9691464113266225,0.00071034604
0.47477445008360264,0.9691464113266225,0.0007086266
0.47477445008360264,0.9692282510843768,0.00070837
0.47541845639368285,0.9692282510843768,0.00069508736
0.47541845639368285,0.9693100908421312,0.00069508504
0.4759324797787927,0.9693100908421312,0.0006856315
0.4759324797787927,0.9693919305998854,0.0006853424
0.4760092878708206,0.9693919305998854,0.00068452745
0.4760092878708206,0.9694737703576397,0.00068447134
0.4765174029411591,0.9694737703576397,0.0006757617
0.4765174029411591,0.9696374498731484,0.00067541434
0.47719685913986754,0.9696374498731484,0.0006637979
0.47719685913986754,0.9697192896309027,0.00066366885
0.4781953643362304,0.9697192896309027,0.00064652145
0.4781953643362304,0.969801129388657,0.0006462658
0.4782189975953159,0.969801129388657,0.0006459299
0.4782189975953159,0.9698829691464114,0.0006453585
0.47822490591008726,0.9698829691464114,0.0006453303
0.47822490591008726,0.9699648089041657,0.0006451006
0.4788452789610819,0.9699648089041657,0.00063368893
0.4788452789610819,0.9700466486619199,0.0006336132
0.4791229697553367,0.9700466486619199,0.00062884815
0.4791229697553367,0.9701284884196743,0.00062883977
0.47926476930984974,0.9701284884196743,0.0006263357
0.47926476930984974,0.9702103281774286,0.00062631775
0.4793356690871063,0.9702103281774286,0.0006252454
0.4793356690871063,0.9702921679351829,0.0006252275
0.4797728843801882,0.9702921679351829,0.0006178887
0.4797728843801882,0.9703740076929372,0.00061780505
0.4798083342688165,0.9703740076929372,0.0006169272
0.4798083342688165,0.9704558474506916,0.0006167552
0.47984969247221615,0.9704558474506916,0.00061611837
0.47984969247221615,0.9705376872084459,0.00061609456
0.47993240887901545,0.9705376872084459,0.0006140109
0.47993240887901545,0.9706195269662001,0.00061397906
0.48019237472895604,0.9706195269662001,0.00060931366
0.48019237472895604,0.9707013667239545,0.0006092762
0.4807713895765511,0.9707013667239545,0.00060101226
0.4807713895765511,0.9707832064817088,0.000600961
0.48122042149917577,0.9707832064817088,0.00059402146
0.48123223812871857,0.9707832064817088,0.0005938055
0.4814862956638878,0.9707832064817088,0.0005902332
0.4814862956638878,0.9708650462394631,0.0005899221
0.48155719544114434,0.9708650462394631,0.00058884977
0.48155719544114434,0.9709468859972175,0.0005888254
0.48187033612402735,0.9709468859972175,0.00058416225
0.48187033612402735,0.9710287257549718,0.0005841283
0.4827683999692768,0.9710287257549718,0.0005714617
0.48278021659881953,0.9710287257549718,0.00057136745
0.4831524404294163,0.9710287257549718,0.00056756503
0.4831524404294163,0.9711105655127261,0.00056754093
0.4836310139258979,0.9711105655127261,0.0005590053
0.48364283055544066,0.9711105655127261,0.00055899547
0.48393824629400956,0.9711105655127261,0.000554417
0.48393824629400956,0.9711924052704805,0.0005543449
0.4839796044974092,0.9711924052704805,0.00055388274
0.4839796044974092,0.9712742450282347,0.0005538801
0.4845586193450042,0.9712742450282347,0.000546258
0.48457043597454696,0.9712742450282347,0.0005462122
0.4847772269915452,0.9712742450282347,0.000543494
0.4847772269915452,0.971356084785989,0.00054348394
0.48572846566973704,0.971356084785989,0.0005328026
0.48572846566973704,0.9714379245437433,0.0005327229
0.4871346445853249,0.9714379245437433,0.00051601225
0.4871346445853249,0.9715197643014977,0.00051595643
0.48729416908415213,0.9715197643014977,0.00051378115
0.4873059857136949,0.9715197643014977,0.0005136247
0.4879381753942323,0.9715197643014977,0.0005060329
0.4879381753942323,0.971601604059252,0.0005059519
0.4881508747260019,0.971601604059252,0.00050300197
0.4881508747260019,0.9716834438170063,0.0005028829
0.48824540776234393,0.9716834438170063,0.00050151645
0.48824540776234393,0.9717652835747607,0.0005014471
0.48832812416914323,0.9717652835747607,0.00050037116
0.488339940798686,0.9717652835747607,0.00050010986
0.4884994652975132,0.9717652835747607,0.0004982755
0.4884994652975132,0.9718471233325149,0.0004982506
0.4887062563145114,0.9718471233325149,0.00049637485
0.48871807294405417,0.9718471233325149,0.000496346
0.4902719597289265,0.9718471233325149,0.00047861744
0.4902719597289265,0.9719289630902692,0.00047858048
0.490295592988012,0.9719289630902692,0.00047836473
0.490295592988012,0.9720108028480235,0.00047831162
0.4907268999663226,0.9720108028480235,0.0004737281
0.4907387165958654,0.9720108028480235,0.00047372738
0.4914772559422876,0.9720108028480235,0.0004656117
0.4914772559422876,0.9720926426057779,0.00046559947
0.4918140298842561,0.9720926426057779,0.00046163754
0.4918140298842561,0.9721744823635322,0.0004614818
0.49199127932739745,0.9721744823635322,0.00045952376
0.49199127932739745,0.9722563221212865,0.0004595192
0.49278890182153345,0.9722563221212865,0.00045299222
0.49278890182153345,0.9723381618790409,0.00045297126
0.4935983409452122,0.9723381618790409,0.00044388775
0.49361015757475496,0.9723381618790409,0.00044382195
0.493751957129268,0.9723381618790409,0.00044231795
0.493751957129268,0.9724200016367952,0.00044226905
0.49418326410757857,0.9724200016367952,0.00043790924
0.49418326410757857,0.9725018413945494,0.0004375967
0.49439005512457684,0.9725018413945494,0.00043552136
0.49439005512457684,0.9725836811523038,0.0004355089
0.49459684614157506,0.9725836811523038,0.00043379335
0.49459684614157506,0.9726655209100581,0.00043377947
0.4949336200835436,0.9726655209100581,0.00043118777
0.4949336200835436,0.9727473606678124,0.0004311588
0.49502224480511425,0.9727473606678124,0.00042956436
0.49502224480511425,0.9728292004255668,0.00042945874
0.4952408524516552,0.9728292004255668,0.0004271407
0.4952408524516552,0.9729110401833211,0.00042705296
0.4954299185243393,0.9729110401833211,0.00042474509
0.4954299185243393,0.9729928799410754,0.00042464875
0.4955362681902241,0.9729928799410754,0.00042366036
0.4955362681902241,0.9730747196988296,0.0004236367
0.4971846880114385,0.9730747196988296,0.0004080945
0.4971846880114385,0.973156559456584,0.00040799624
0.4972142295852954,0.973156559456584,0.00040771734
0.4972142295852954,0.9732383992143383,0.00040771594
0.49742692891706497,0.9732383992143383,0.00040523312
0.49742692891706497,0.9733202389720926,0.00040508134
0.4985967752417978,0.9733202389720926,0.00039437876
0.4985967752417978,0.973402078729847,0.00039436543
0.49926441481096345,0.973402078729847,0.00038745507
0.49926441481096345,0.9734839184876013,0.00038745473
0.5006528687822372,0.9734839184876013,0.00037420384
0.5006528687822372,0.9735657582453556,0.00037415803
0.5009010180026351,0.9735657582453556,0.00037192804
0.5009010180026351,0.97364759800311,0.00037191052
0.5010487258719195,0.97364759800311,0.0003706964
0.5010487258719195,0.9737294377608642,0.00037063842
0.5014327663320591,0.9737294377608642,0.00036721356
0.5014445829616019,0.9737294377608642,0.0003672027
0.5014918494797729,0.9737294377608642,0.00036662346
0.5015036661093156,0.9737294377608642,0.0003665838
0.5015272993684011,0.9737294377608642,0.00036626644
0.5015272993684011,0.9738112775186185,0.00036621685
0.5021713056784813,0.9738112775186185,0.00036064934
0.5021713056784813,0.9738931172763728,0.00036062422
0.5025848877124778,0.9738931172763728,0.00035672213
0.5025848877124778,0.9739749570341272,0.00035671704
0.5028330369328756,0.9739749570341272,0.00035497348
0.5028330369328756,0.9740567967918815,0.00035496996
0.5047768724926589,0.9740567967918815,0.00033963352
0.5047768724926589,0.9741386365496358,0.0003396209
0.5052436293595978,0.9741386365496358,0.00033566935
0.5052436293595978,0.9742204763073902,0.00033563992
0.5062539511855033,0.9742204763073902,0.00032773736
0.5062539511855033,0.9743023160651445,0.00032773547
0.5062716761298175,0.9743023160651445,0.00032756245
0.5062716761298175,0.9743841558228987,0.00032755054
0.5067029831081281,0.9743841558228987,0.00032434988
0.5067029831081281,0.974465995580653,0.0003243412
0.5073647143625224,0.974465995580653,0.0003202418
0.5073647143625224,0.9745478353384074,0.0003199964
0.5074297058250076,0.9745478353384074,0.00031948005
0.5074297058250076,0.9746296750961617,0.00031944894
0.5077842047112902,0.9746296750961617,0.00031692086
0.5077960213408329,0.9746296750961617,0.00031690818
0.5084400276509131,0.9746296750961617,0.0003126811
0.5084518442804559,0.9746296750961617,0.0003126802
0.5087059018156251,0.9746296750961617,0.0003112953
0.5087177184451679,0.9746296750961617,0.00031129352
0.5088122514815099,0.9746296750961617,0.00031084454
0.5088122514815099,0.974711514853916,0.00031080187
0.5100529975834993,0.974711514853916,0.00030335668
0.5100648142130421,0.974711514853916,0.00030331328
0.5104429463584101,0.974711514853916,0.00030118093
0.5104429463584101,0.9747933546116704,0.0003011591
0.5107029122083508,0.9747933546116704,0.0002997635
0.5107147288378936,0.9747933546116704,0.00029969605
0.5115300762763437,0.9747933546116704,0.0002947266
0.5115418929058865,0.9747933546116704,0.00029467998
0.5118136753853698,0.9747933546116704,0.00029341955
0.5118136753853698,0.9748751943694247,0.00029341452
0.5118845751626263,0.9748751943694247,0.0002929765
0.5118845751626263,0.9749570341271789,0.00029295945
0.5127058309158479,0.9749570341271789,0.00028791773
0.5127176475453906,0.9749570341271789,0.00028785787
0.5127294641749334,0.9749570341271789,0.00028777064
0.5127412808044761,0.9749570341271789,0.00028766363
0.5129598884510171,0.9749570341271789,0.0002863715
0.5129598884510171,0.9750388738849333,0.00028635186
0.5136038947610972,0.9750388738849333,0.00028269418
0.51361571139064,0.9750388738849333,0.0002826489
0.5137456943156103,0.9750388738849333,0.00028168203
0.5137456943156103,0.9751207136426876,0.00028156498
0.5139761185916941,0.9751207136426876,0.0002803328
0.5139761185916941,0.9752025534004419,0.00028029273
0.5156777132458509,0.9752025534004419,0.00027054906
0.5156895298753936,0.9752025534004419,0.000270499
0.5157604296526501,0.9752025534004419,0.00027019178
0.5157604296526501,0.9752843931581963,0.00027016757
0.5160794786503046,0.9752843931581963,0.00026799616
0.5160912952798473,0.9752843931581963,0.00026795708
0.5162035532605035,0.9752843931581963,0.00026735102
0.5162035532605035,0.9753662329159506,0.00026732654
0.5172020584568664,0.9753662329159506,0.00026227257
0.5172138750864091,0.9753662329159506,0.00026219757
0.5182301052270861,0.9753662329159506,0.0002561285
0.5182301052270861,0.9754480726737049,0.00025612727
0.5189154697405659,0.9754480726737049,0.00025250408
0.5189154697405659,0.9755299124314593,0.0002525036
0.5194058598665903,0.9755299124314593,0.0002500427
0.519417676496133,0.9755299124314593,0.00025000577
0.519417676496133,0.9756117521892135,0.0002499667
0.5212078958718604,0.9756117521892135,0.00024085521
0.5212197125014032,0.9756117521892135,0.00024073168
0.5219996100512251,0.9756117521892135,0.00023657546
0.5219996100512251,0.9756935919469678,0.00023653262
0.5221650428648237,0.9756935919469678,0.00023568167
0.5221650428648237,0.9757754317047221,0.00023568078
0.5223127507341081,0.9757754317047221,0.00023500201
0.5223245673636508,0.9757754317047221,0.00023499125
0.5234707804292982,0.9757754317047221,0.00022910771
0.5234707804292982,0.9758572714624765,0.0002291066
0.5239434456110084,0.9758572714624765,0.00022655186
0.5239552622405511,0.9758572714624765,0.00022643803
0.5240852451655215,0.9758572714624765,0.0002259392
0.5240970617950642,0.9758572714624765,0.00022586231
0.5242565862938914,0.9758572714624765,0.00022478214
0.5242565862938914,0.9759391112202308,0.00022477355
0.5242979444972911,0.9759391112202308,0.00022456086
0.5243097611268338,0.9759391112202308,0.0002245508
0.5250896586766557,0.9759391112202308,0.00022063329
0.5250896586766557,0.9760209509779851,0.00022058238
0.526377671296816,0.9760209509779851,0.00021408626
0.5263894879263588,0.9760209509779851,0.0002140487
0.5263953962411302,0.9760209509779851,0.0002140232
0.5263953962411302,0.9761027907357395,0.00021395872
0.5270157692921248,0.9761027907357395,0.00021057142
0.5270157692921248,0.9761846304934937,0.00021055335
0.5271930187352661,0.9761846304934937,0.00020979026
0.5271930187352661,0.976266470251248,0.00020976864
0.5278133917862609,0.976266470251248,0.00020638882
0.5278252084158036,0.976266470251248,0.0002063656
0.5280733576362014,0.976266470251248,0.00020495412
0.5280733576362014,0.9763483100090024,0.00020493146
0.5284987562997406,0.9763483100090024,0.00020315715
0.5285105729292834,0.9763483100090024,0.00020315444
0.5295858862176741,0.9763483100090024,0.0001988668
0.5295977028472169,0.9763483100090024,0.00019883284
0.5299462934187282,0.9763483100090024,0.0001970405
0.5299462934187282,0.9764301497667567,0.00019700387
0.5303539671379532,0.9764301497667567,0.00019512787
0.5303539671379532,0.976511989524511,0.00019512713
0.5309802485037193,0.976511989524511,0.00019213882
0.5309802485037193,0.9765938292822653,0.00019213735
0.5310334233366617,0.9765938292822653,0.00019179068
0.5310452399662045,0.9765938292822653,0.00019177276
0.5313465640195447,0.9765938292822653,0.00019061625
0.5313583806490875,0.9765938292822653,0.00019058715
0.5326523015840192,0.9765938292822653,0.000185301
0.532664118213562,0.9765938292822653,0.00018529428
0.5337512481314954,0.9765938292822653,0.00018114776
0.5337512481314954,0.9766756690400197,0.00018110803
0.534088022073464,0.9766756690400197,0.00017948177
0.5340998387030067,0.9766756690400197,0.00017947798
0.534324354664319,0.9766756690400197,0.0001784589
0.534324354664319,0.976757508797774,0.000178448
0.5350156274925703,0.976757508797774,0.00017580122
0.5350156274925703,0.9768393485555282,0.00017579318
0.5364927061854148,0.9768393485555282,0.00016996119
0.5365045228149575,0.9768393485555282,0.00016994288
0.5368590217012401,0.9768393485555282,0.00016848462
0.5368590217012401,0.9769211883132826,0.00016846502
0.537904793415774,0.9769211883132826,0.000164753
0.537904793415774,0.9770030280710369,0.00016473903
0.538826490520109,0.9770030280710369,0.0001618145
0.538826490520109,0.9770848678287912,0.00016177671
0.5401794946027545,0.9770848678287912,0.00015702697
0.5401794946027545,0.9771667075865456,0.00015702622
0.5403508357311244,0.9771667075865456,0.0001564498
0.5403626523606672,0.9771667075865456,0.00015640026
0.540782142709435,0.9771667075865456,0.00015492844
0.5407939593389778,0.9771667075865456,0.00015491042
0.5427732447873893,0.9771667075865456,0.00014872981
0.5427791531021606,0.9772485473442999,0.00014872044
0.5427909697317034,0.9772485473442999,0.00014870583
0.5428027863612462,0.9772485473442999,0.00014870145
0.5428027863612462,0.9773303871020542,0.00014869704
0.5429150443419024,0.9773303871020542,0.00014843965
0.5429150443419024,0.9774122268598084,0.00014843937
0.5434999675042688,0.9774122268598084,0.0001465914
0.5434999675042688,0.9774940666175628,0.00014656484
0.5451720205845687,0.9774940666175628,0.00014123118
0.5451838372141115,0.9774940666175628,0.00014121286
0.5459932763377902,0.9774940666175628,0.00013899484
0.5459932763377902,0.9775759063753171,0.00013896104
0.5475294381783484,0.9775759063753171,0.00013410878
0.5475412548078912,0.9775759063753171,0.0001340124
0.5482029860622855,0.9775759063753171,0.00013231573
0.5482029860622855,0.9776577461330714,0.00013230841
0.5493787407017896,0.9776577461330714,0.0001287423
0.5493787407017896,0.9777395858908258,0.0001287342
0.5500404719561839,0.9777395858908258,0.00012700463
0.5500404719561839,0.9778214256485801,0.00012699568
0.5503417960095242,0.9778214256485801,0.00012641863
0.5503417960095242,0.9779032654063344,0.00012636476
0.5504895038788087,0.9779032654063344,0.00012595598
0.5505013205083514,0.9779032654063344,0.00012591202
0.5507317447844351,0.9779032654063344,0.0001252491
0.5507435614139778,0.9779032654063344,0.00012524886
0.5508676360241769,0.9779032654063344,0.00012476182
0.5508794526537196,0.9779032654063344,0.00012474635
0.5509621690605189,0.9779032654063344,0.00012454216
0.5509739856900616,0.9779032654063344,0.00012452672
0.5511571434479743,0.9779032654063344,0.00012410116
0.5511689600775171,0.9779032654063344,0.00012409454
0.5512694014286305,0.9779032654063344,0.00012381157
0.5512694014286305,0.9779851051640888,0.00012380685
0.5513343928911156,0.9779851051640888,0.00012367753
0.5513462095206584,0.9779851051640888,0.00012366951
0.5526519470851329,0.9779851051640888,0.0001199069
0.5526637637146756,0.9779851051640888,0.00011989021
0.553201420358871,0.9779851051640888,0.00011827145
0.553201420358871,0.978066944921843,0.00011825566
0.5532605035065848,0.978066944921843,0.00011803935
0.5532605035065848,0.9781487846795973,0.00011803912
0.5545721493858307,0.9781487846795973,0.000114347
0.5545721493858307,0.9782306244373516,0.00011434548
0.5549620981607416,0.9782306244373516,0.00011304235
0.5549739147902844,0.9782306244373516,0.00011302618
0.5560019615605041,0.9782306244373516,0.000110390945
0.5560137781900468,0.9782306244373516,0.00011037643
0.5561614860593312,0.9782306244373516,0.00010992226
0.5561614860593312,0.978312464195106,0.000109920366
0.5566223346114988,0.978312464195106,0.00010865523
0.5566341512410415,0.978312464195106,0.000108653774
0.5572249827181793,0.978312464195106,0.000107115804
0.5572249827181793,0.9783943039528603,0.00010709436
0.557408140476092,0.9783943039528603,0.00010650613
0.557408140476092,0.9784761437106146,0.00010650248
0.5578867139725736,0.9784761437106146,0.000105210034
0.5578867139725736,0.978557983468369,0.00010520521
0.5583121126361128,0.978557983468369,0.00010406219
0.5583121126361128,0.9786398232261232,0.00010405405
0.558347562524741,0.9786398232261232,0.000103973915
0.5583593791542838,0.9786398232261232,0.00010395309
0.5583889207281407,0.9786398232261232,0.000103887294
0.5584007373576835,0.9786398232261232,0.000103830454
0.5586134366894531,0.9786398232261232,0.000103372244
0.5586252533189958,0.9786398232261232,0.000103362785
0.5595410421085594,0.9786398232261232,0.000100763755
0.5595646753676449,0.9786398232261232,0.00010075704
0.5598423661618996,0.9786398232261232,9.997531e-05
0.5598541827914424,0.9786398232261232,9.996539e-05
0.5598659994209851,0.9786398232261232,9.991831e-05
0.5598778160505279,0.9786398232261232,9.990593e-05
0.5603859311208664,0.9786398232261232,9.8643286e-05
0.5603977477504092,0.9786398232261232,9.864253e-05
0.5604804641572084,0.9786398232261232,9.843826e-05
0.5604804641572084,0.9787216629838775,9.8435434e-05
0.5611599203559169,0.9787216629838775,9.664924e-05
0.5611717369854596,0.9787216629838775,9.6626005e-05
0.5612190035036306,0.9787216629838775,9.648495e-05
0.5612190035036306,0.9788035027416319,9.643565e-05
0.5614494277797144,0.9788035027416319,9.565369e-05
0.5614612444092572,0.9788035027416319,9.564931e-05
0.5615675940751419,0.9788035027416319,9.538608e-05
0.5615675940751419,0.9788853424993862,9.538426e-05
0.5617212102591977,0.9788853424993862,9.501314e-05
0.5617212102591977,0.9789671822571405,9.5008436e-05
0.5619811761091383,0.9789671822571405,9.429126e-05
0.5619811761091383,0.9790490220148949,9.4262316e-05
0.5634582548019829,0.9790490220148949,9.062316e-05
0.5634582548019829,0.9791308617726492,9.057029e-05
0.5641318026859199,0.9791308617726492,8.877411e-05
0.5641318026859199,0.9792127015304035,8.876091e-05
0.5642972354995185,0.9792127015304035,8.835304e-05
0.5643090521290612,0.9792127015304035,8.833753e-05
0.5647580840516859,0.9792127015304035,8.725536e-05
0.5647699006812287,0.9792127015304035,8.7189655e-05
0.5653548238435951,0.9792127015304035,8.580888e-05
0.5653666404731379,0.9792127015304035,8.580789e-05
0.5654493568799371,0.9792127015304035,8.5547275e-05
0.5654493568799371,0.9792945412881577,8.554401e-05
0.5655497982310506,0.9792945412881577,8.5289386e-05
0.5655497982310506,0.9793763810459121,8.527361e-05
0.5659456553207328,0.9793763810459121,8.424777e-05
0.5659574719502756,0.9793763810459121,8.423748e-05
0.5664478620762999,0.9793763810459121,8.284182e-05
0.5664478620762999,0.9794582208036664,8.282254e-05
0.5669441605170957,0.9794582208036664,8.1404505e-05
0.5669559771466385,0.9794582208036664,8.1398146e-05
0.5674227340135773,0.9794582208036664,8.023645e-05
0.5674227340135773,0.9795400605614207,8.022483e-05
0.5676472499748897,0.9795400605614207,7.982541e-05
0.5676472499748897,0.9796219003191751,7.982085e-05
0.5679367573986872,0.9796219003191751,7.9064645e-05
0.5679367573986872,0.9797037400769294,7.903992e-05
0.5681080985270571,0.9797037400769294,7.8571895e-05
0.5681080985270571,0.9797855798346837,7.8566045e-05
0.5682262648224847,0.9797855798346837,7.8275305e-05
0.5682262648224847,0.9798674195924381,7.827276e-05
0.5686043969678528,0.9798674195924381,7.728733e-05
0.5686043969678528,0.9799492593501923,7.727982e-05
0.5686162135973957,0.9799492593501923,7.7268174e-05
0.5686162135973957,0.9800310991079466,7.7225304e-05
0.568622121912167,0.9800310991079466,7.714979e-05
0.568622121912167,0.9801129388657009,7.714861e-05
0.5689884374279924,0.9801129388657009,7.635013e-05
0.5690002540575352,0.9801129388657009,7.634664e-05
0.5691006954086486,0.9801129388657009,7.6147706e-05
0.5691006954086486,0.9801947786234553,7.614306e-05
0.5697387934039574,0.9801947786234553,7.483438e-05
0.5697387934039574,0.9802766183812096,7.4833384e-05
0.5698510513846136,0.9802766183812096,7.452858e-05
0.5698628680141563,0.9802766183812096,7.450697e-05
0.5699278594766415,0.9802766183812096,7.4402604e-05
0.5699278594766415,0.9803584581389639,7.439253e-05
0.5699633093652697,0.9803584581389639,7.421412e-05
0.5699633093652697,0.9805221376544725,7.420237e-05
0.5701641920674966,0.9805221376544725,7.3773255e-05
0.5701641920674966,0.9806039774122268,7.3768046e-05
0.5706132239901213,0.9806039774122268,7.25695e-05
0.5706132239901213,0.9806858171699812,7.254099e-05
0.5706723071378351,0.9806858171699812,7.245319e-05
0.5706723071378351,0.9807676569277355,7.2425835e-05
0.5708672815252905,0.9807676569277355,7.2090676e-05
0.5708672815252905,0.9808494966854898,7.207033e-05
0.570920456358233,0.9808494966854898,7.201413e-05
0.570920456358233,0.9810131762009985,7.197198e-05
0.5713872132251718,0.9810131762009985,7.092492e-05
0.5713872132251718,0.9810950159587528,7.081287e-05
0.5714344797433428,0.9810950159587528,7.0709764e-05
0.5714344797433428,0.981176855716507,7.069264e-05
0.5714758379467425,0.981176855716507,7.0578e-05
0.5714758379467425,0.9812586954742614,7.05745e-05
0.5715171961501421,0.9812586954742614,7.046313e-05
0.5715290127796848,0.9812586954742614,7.045883e-05
0.5723148186442781,0.9812586954742614,6.883845e-05
0.5723148186442781,0.9813405352320157,6.883202e-05
0.5724093516806201,0.9813405352320157,6.863879e-05
0.5724211683101629,0.9813405352320157,6.8632115e-05
0.5727106757339604,0.9813405352320157,6.802614e-05
0.5727106757339604,0.98142237498977,6.80094e-05
0.5728879251771017,0.98142237498977,6.768538e-05
0.5728879251771017,0.9815042147475244,6.767983e-05
0.5729529166395869,0.9815042147475244,6.7602436e-05
0.5729529166395869,0.9815860545052787,6.759947e-05
0.5730947161940999,0.9815860545052787,6.722917e-05
0.5730947161940999,0.981667894263033,6.722468e-05
0.5743354622960893,0.981667894263033,6.4680964e-05
0.5743354622960893,0.9817497340207872,6.4677384e-05
0.5748494856811992,0.9817497340207872,6.380808e-05
0.5748494856811992,0.9818315737785416,6.3807965e-05
0.5751212681606825,0.9818315737785416,6.317285e-05
0.5751271764754539,0.9819134135362959,6.316815e-05
0.5752807926595097,0.9819134135362959,6.282512e-05
0.5752807926595097,0.9819952532940502,6.281925e-05
0.5757298245821344,0.9819952532940502,6.18704e-05
0.5757298245821344,0.9820770930518046,6.186922e-05
0.5760370569502461,0.9820770930518046,6.13157e-05
0.5760370569502461,0.9821589328095589,6.1301085e-05
0.5761670398752164,0.9821589328095589,6.11276e-05
0.5761670398752164,0.9822407725673132,6.1100436e-05
0.5761788565047592,0.9822407725673132,6.1098806e-05
0.5765392637058132,0.9822407725673132,6.048131e-05
0.576551080335356,0.9822407725673132,6.047381e-05
0.5766397050569266,0.9822407725673132,6.029496e-05
0.5766397050569266,0.9823226123250676,6.0291506e-05
0.5769469374250382,0.9823226123250676,5.9790404e-05
0.5769469374250382,0.9824044520828218,5.9773192e-05
0.5772778030522354,0.9824044520828218,5.9154758e-05
0.5772778030522354,0.9824862918405761,5.9139194e-05
0.5773132529408637,0.9824862918405761,5.9070542e-05
0.5773132529408637,0.9825681315983305,5.9059053e-05
0.5777268349748601,0.9825681315983305,5.840678e-05
0.5777386516044029,0.9825681315983305,5.8400874e-05
0.577756376548717,0.9825681315983305,5.8346322e-05
0.577756376548717,0.9827318111138391,5.8332414e-05
0.5777622848634884,0.9827318111138391,5.8315287e-05
0.5777622848634884,0.9828136508715934,5.8314505e-05
0.5777918264373453,0.9828136508715934,5.8280148e-05
0.5777918264373453,0.9828954906293478,5.8275928e-05
0.577803643066888,0.9828954906293478,5.822693e-05
0.577803643066888,0.982977330387102,5.8219714e-05
0.5783826579144831,0.982977330387102,5.7254983e-05
0.5783826579144831,0.9830591701448563,5.722616e-05
0.5784771909508251,0.9830591701448563,5.7105357e-05
0.5784771909508251,0.9831410099026107,5.710035e-05
0.5787017069121374,0.9831410099026107,5.6699035e-05
0.5787017069121374,0.983222849660365,5.669201e-05
0.5788435064666505,0.983222849660365,5.649815e-05
0.5788435064666505,0.9833046894181193,5.648285e-05
0.5792275469267901,0.9833046894181193,5.574281e-05
0.5792393635563329,0.9833046894181193,5.572102e-05
0.5792511801858756,0.9833046894181193,5.5713157e-05
0.5792511801858756,0.9833865291758737,5.5709017e-05
0.5794343379437883,0.9833865291758737,5.542869e-05
0.5794402462585597,0.983468368933628,5.5413362e-05
0.5795997707573869,0.983468368933628,5.5129894e-05
0.5795997707573869,0.9835502086913823,5.5129687e-05
0.5796115873869296,0.9835502086913823,5.5109715e-05
0.5798538282925562,0.9835502086913823,5.4610624e-05
0.5798538282925562,0.9836320484491365,5.460229e-05
0.5798951864959557,0.9836320484491365,5.4543274e-05
0.5799070031254985,0.9836320484491365,5.453693e-05
0.5799719945879837,0.9836320484491365,5.4455028e-05
0.5799719945879837,0.9837138882068909,5.4450564e-05
0.5801610606606677,0.9837138882068909,5.4145577e-05
0.5801610606606677,0.9837957279646452,5.4129676e-05
0.5802615020117812,0.9837957279646452,5.400501e-05
0.5802615020117812,0.9838775677223995,5.4000477e-05
0.5803501267333518,0.9838775677223995,5.3878983e-05
0.5803501267333518,0.9839594074801539,5.3877542e-05
0.58072825887872,0.9839594074801539,5.3259224e-05
0.5807400755082628,0.9839594074801539,5.325161e-05
0.5810591245059171,0.9839594074801539,5.264148e-05
0.5810591245059171,0.9840412472379082,5.2624513e-05
0.5812068323752017,0.9840412472379082,5.238838e-05
0.5812068323752017,0.9841230869956625,5.2380587e-05
0.5812540988933727,0.9841230869956625,5.23118e-05
0.5812540988933727,0.9842049267534169,5.2297633e-05
0.5814018067626571,0.9842049267534169,5.2095045e-05
0.5814018067626571,0.9842867665111711,5.208273e-05
0.5815554229467129,0.9842867665111711,5.1835672e-05
0.5815554229467129,0.9843686062689254,5.1832605e-05
0.5815790562057984,0.9843686062689254,5.1791892e-05
0.5815790562057984,0.9844504460266797,5.1789917e-05
0.5818862885739101,0.9844504460266797,5.133244e-05
0.5818862885739101,0.9845322857844341,5.1316878e-05
0.5819099218329956,0.9845322857844341,5.1281266e-05
0.5819099218329956,0.9846141255421884,5.1275987e-05
0.5819867299250235,0.9846141255421884,5.1157887e-05
0.5819867299250235,0.9846959652999427,5.1143154e-05
0.5820221798136518,0.9846959652999427,5.10907e-05
0.5820221798136518,0.9847778050576971,5.108057e-05
0.5820399047579659,0.9847778050576971,5.1026236e-05
0.5820399047579659,0.9848596448154513,5.101349e-05
0.5820812629613655,0.9848596448154513,5.097653e-05
0.5820812629613655,0.9849414845732056,5.097313e-05
0.5824889366805905,0.9849414845732056,5.0295297e-05
0.5824889366805905,0.98502332433096,5.025665e-05
0.5825243865692189,0.98502332433096,5.0196206e-05
0.5825243865692189,0.9851051640887143,5.0182327e-05
0.5827961690487022,0.9851051640887143,4.9785467e-05
0.5827961690487022,0.9851870038464686,4.9781193e-05
0.5829379686032153,0.9851870038464686,4.957426e-05
0.5829379686032153,0.985268843604223,4.9569157e-05
0.5832865591747266,0.985268843604223,4.9055827e-05
0.5832924674894979,0.9853506833619773,4.9047503e-05
0.5834756252474107,0.9853506833619773,4.871765e-05
0.5834874418769534,0.9853506833619773,4.871254e-05
0.5836824162644089,0.9853506833619773,4.840617e-05
0.5836824162644089,0.9854325231197316,4.839435e-05
0.5836942328939516,0.9854325231197316,4.8392507e-05
0.5837592243564368,0.9854325231197316,4.831163e-05
0.5837592243564368,0.9855143628774858,4.8307942e-05
0.5837887659302937,0.9855143628774858,4.8249658e-05
0.5838005825598365,0.9855143628774858,4.82492e-05
0.5839246571700354,0.9855143628774858,4.791658e-05
0.5839246571700354,0.9855962026352402,4.7898306e-05
0.5840310068359202,0.9855962026352402,4.7749447e-05
0.5840310068359202,0.9856780423929945,4.7745987e-05
0.5840782733540912,0.9856780423929945,4.7682013e-05
0.5840782733540912,0.9857598821507488,4.7675643e-05
0.584184623019976,0.9857598821507488,4.754851e-05
0.584184623019976,0.9858417219085032,4.752023e-05
0.5842082562790615,0.9858417219085032,4.7502377e-05
0.5842082562790615,0.9859235616662575,4.7501562e-05
0.5843323308892605,0.9859235616662575,4.7241356e-05
0.5843323308892605,0.9860054014240118,4.7233334e-05
0.584497763702859,0.9860054014240118,4.6998706e-05
0.584497763702859,0.986087241181766,4.699539e-05
0.5846868297755431,0.986087241181766,4.671746e-05
0.5846868297755431,0.9861690809395204,4.6704452e-05
0.584745912923257,0.9861690809395204,4.659217e-05
0.584745912923257,0.9862509206972747,4.659093e-05
0.5848758958482272,0.9862509206972747,4.641372e-05
0.5848877124777699,0.9862509206972747,4.640416e-05
0.5848995291073127,0.9862509206972747,4.6396286e-05
0.5848995291073127,0.986332760455029,4.639257e-05
0.5849349789959409,0.986332760455029,4.634543e-05
0.5849349789959409,0.9864146002127834,4.6341367e-05
0.5852599363083668,0.9864146002127834,4.5794684e-05
0.5852599363083668,0.9864964399705377,4.5784727e-05
0.5852953861969951,0.9864964399705377,4.5749202e-05
0.5852953861969951,0.986578279728292,4.574789e-05
0.5856085268798781,0.986578279728292,4.5288125e-05
0.5856085268798781,0.9866601194860464,4.5264638e-05
0.5856617017128205,0.9866601194860464,4.516038e-05
0.5856617017128205,0.9868237990015549,4.5107958e-05
0.5858094095821049,0.9868237990015549,4.4909146e-05
0.5858094095821049,0.9869056387593093,4.490238e-05
0.5859925673400176,0.9869056387593093,4.467387e-05
0.5860043839695603,0.9869056387593093,4.4646786e-05
0.5860221089138745,0.9869056387593093,4.463274e-05
0.5860221089138745,0.9869874785170636,4.463078e-05
0.586406149374014,0.9869874785170636,4.408468e-05
0.586406149374014,0.9870693182748179,4.4077282e-05
0.5865893071319268,0.9870693182748179,4.379681e-05
0.5865893071319268,0.9871511580325723,4.3792297e-05
0.5868256397227819,0.9871511580325723,4.3407617e-05
0.5868256397227819,0.9872329977903266,4.339247e-05
0.5869378977034381,0.9872329977903266,4.3216052e-05
0.5869378977034381,0.9873148375480808,4.3196025e-05
0.5870324307397801,0.9873148375480808,4.309522e-05
0.5870324307397801,0.9873966773058351,4.3088316e-05
0.5872864882749493,0.9873966773058351,4.2754647e-05
0.5872983049044921,0.9873966773058351,4.2742824e-05
0.5874873709771762,0.9873966773058351,4.244088e-05
0.5874991876067189,0.9873966773058351,4.2435535e-05
0.5878241449191447,0.9873966773058351,4.1958367e-05
0.5878241449191447,0.9874785170635895,4.194765e-05
0.5879423112145723,0.9874785170635895,4.180277e-05
0.5879423112145723,0.9875603568213438,4.180165e-05
0.5886749422462231,0.9875603568213438,4.087372e-05
0.5886867588757658,0.9875603568213438,4.0869432e-05
0.5894134815926453,0.9875603568213438,4.0035124e-05
0.5894134815926453,0.9876421965790981,4.002634e-05
0.5894784730551305,0.9876421965790981,3.993857e-05
0.589502106314216,0.9876421965790981,3.993187e-05
0.5898093386823277,0.9876421965790981,3.9568797e-05
0.5898093386823277,0.9877240363368525,3.9568342e-05
0.5902229207163241,0.9877240363368525,3.9029583e-05
0.5902229207163241,0.9878058760946068,3.9022583e-05
0.5910146348956887,0.9878058760946068,3.8172937e-05
0.5910146348956887,0.9878877158523611,3.81717e-05
0.591315958949029,0.9878877158523611,3.7877835e-05
0.5913277755785717,0.9878877158523611,3.7876245e-05
0.5934015940633253,0.9878877158523611,3.5323694e-05
0.5934015940633253,0.9879695556101153,3.532181e-05
0.5935493019326098,0.9879695556101153,3.5105146e-05
0.5935493019326098,0.9880513953678697,3.5102465e-05
0.5935611185621525,0.9880513953678697,3.5101595e-05
0.5940101504847772,0.9880513953678697,3.4617777e-05
0.5940101504847772,0.988133235125624,3.4609522e-05
0.5945241738698871,0.988133235125624,3.397537e-05
0.5945359904994298,0.988133235125624,3.396643e-05
0.5953926961412797,0.988133235125624,3.302148e-05
0.5954045127708224,0.988133235125624,3.3018707e-05
0.5961076022286164,0.988133235125624,3.2228643e-05
0.5961076022286164,0.9882150748833783,3.2208976e-05
0.5964089262819566,0.9882150748833783,3.1884665e-05
0.5964089262819566,0.9882969146411327,3.1881988e-05
0.5966216256137262,0.9882969146411327,3.1685096e-05
0.5966216256137262,0.988378754398887,3.1668602e-05
0.5966984337057541,0.988378754398887,3.156157e-05
0.5966984337057541,0.9884605941566413,3.156121e-05
0.5968284166307244,0.9884605941566413,3.142432e-05
0.5968284166307244,0.9885424339143957,3.142258e-05
0.5968461415750386,0.9885424339143957,3.139688e-05
0.5968461415750386,0.9886242736721499,3.138365e-05
0.5970174827034085,0.9886242736721499,3.1230848e-05
0.5970174827034085,0.9887061134299042,3.1203697e-05
0.5971829155170071,0.9887061134299042,3.1031228e-05
0.5971829155170071,0.9887879531876586,3.1023355e-05
0.5977205721612024,0.9887879531876586,3.0492283e-05
0.5977205721612024,0.9888697929454129,3.0485884e-05
0.5982995870087975,0.9888697929454129,2.9829156e-05
0.5983114036383402,0.9888697929454129,2.9823697e-05
0.5983882117303682,0.9888697929454129,2.9764766e-05
0.5983882117303682,0.9889516327031672,2.9760282e-05
0.5994812499630731,0.9889516327031672,2.8639111e-05
0.5994812499630731,0.9890334724609215,2.862999e-05
0.599605324573272,0.9890334724609215,2.8526045e-05
0.599605324573272,0.9891153122186759,2.8522838e-05
0.6007988041570903,0.9891153122186759,2.7348786e-05
0.600810620786633,0.9891153122186759,2.7347114e-05
0.6008224374161758,0.9891153122186759,2.733851e-05
0.6008224374161758,0.9891971519764301,2.73297e-05
0.6009760536002317,0.9891971519764301,2.7162576e-05
0.6009760536002317,0.9892789917341844,2.7154443e-05
0.601029228433174,0.9892789917341844,2.7101149e-05
0.601029228433174,0.9893608314919388,2.7081258e-05
0.6012832859683432,0.9893608314919388,2.6827958e-05
0.6012832859683432,0.9894426712496931,2.6824428e-05
0.6014369021523991,0.9894426712496931,2.670895e-05
0.6014369021523991,0.9895245110074474,2.6708543e-05
0.6020631835181651,0.9895245110074474,2.6096373e-05
0.6020631835181651,0.9896063507652018,2.609523e-05
0.6020986334067934,0.9896063507652018,2.6054598e-05
0.6021104500363361,0.9896063507652018,2.6051865e-05
0.6023526909419626,0.9896063507652018,2.5876561e-05
0.6023526909419626,0.9896881905229561,2.5875523e-05
0.6025063071260185,0.9896881905229561,2.5723915e-05
0.6025063071260185,0.9897700302807104,2.5717683e-05
0.6025535736441895,0.9897700302807104,2.5634043e-05
0.6025535736441895,0.9898518700384646,2.5607605e-05
0.6035757120996378,0.9898518700384646,2.4688932e-05
0.6035757120996378,0.989933709796219,2.4674904e-05
0.6038711278382067,0.989933709796219,2.4423794e-05
0.6038829444677495,0.989933709796219,2.441946e-05
0.6044974092039728,0.989933709796219,2.3917988e-05
0.6044974092039728,0.9900155495539733,2.3913108e-05
0.6051709570879098,0.9900155495539733,2.3307017e-05
0.6051709570879098,0.9900973893117276,2.3291552e-05
0.6054781894560215,0.9900973893117276,2.3082766e-05
0.6054781894560215,0.990179229069482,2.3079641e-05
0.605549089233278,0.990179229069482,2.304353e-05
0.605549089233278,0.9902610688272363,2.3042914e-05
0.6055609058628207,0.9902610688272363,2.3035753e-05
0.6055609058628207,0.9903429085849906,2.3031578e-05
0.6056967971025624,0.9903429085849906,2.293772e-05
0.6056967971025624,0.9904247483427449,2.2933651e-05
0.6059449463229603,0.9904247483427449,2.2710568e-05
0.6059449463229603,0.9905065881004992,2.2702816e-05
0.6061103791365589,0.9905065881004992,2.2585815e-05
0.6061103791365589,0.9905884278582535,2.2565491e-05
0.6061812789138155,0.9905884278582535,2.2517297e-05
0.6061930955433582,0.9905884278582535,2.2513817e-05
0.6063644366717281,0.9905884278582535,2.2340195e-05
0.6063644366717281,0.9906702676160078,2.2338363e-05
0.6072979504056059,0.9906702676160078,2.1666341e-05
0.6072979504056059,0.9907521073737622,2.1663738e-05
0.6074397499601188,0.9907521073737622,2.1564058e-05
0.6074397499601188,0.9908339471315165,2.155423e-05
0.6074988331078327,0.9908339471315165,2.1499705e-05
0.6074988331078327,0.9909157868892708,2.1499212e-05
0.6090290866336195,0.9909157868892708,2.0368389e-05
0.6090290866336195,0.9909976266470252,2.0367224e-05
0.6095962848516717,0.9909976266470252,1.997615e-05
0.6095962848516717,0.9910794664047794,1.9965637e-05
0.6100394084595251,0.9910794664047794,1.9587991e-05
0.6100394084595251,0.9911613061625337,1.958676e-05
0.6113628709683137,0.9911613061625337,1.8681956e-05
0.6113746875978565,0.9911613061625337,1.8680566e-05
0.6122136682953921,0.9911613061625337,1.8241577e-05
0.6122136682953921,0.9912431459202881,1.8238723e-05
0.6122609348135631,0.9912431459202881,1.8202858e-05
0.6122727514431059,0.9912431459202881,1.8201226e-05
0.612414550997619,0.9912431459202881,1.8117787e-05
0.6124263676271617,0.9912431459202881,1.811741e-05
0.613525314174638,0.9912431459202881,1.7516986e-05
0.613525314174638,0.9913249856780424,1.7506898e-05
0.6139507128381771,0.9913249856780424,1.7288228e-05
0.6139625294677199,0.9913249856780424,1.7285161e-05
0.6141634121699467,0.9913249856780424,1.7185228e-05
0.6141634121699467,0.9914068254357967,1.7181985e-05
0.6148665016277407,0.9914068254357967,1.6766213e-05
0.6148783182572835,0.9914068254357967,1.6764103e-05
0.6153155335503654,0.9914068254357967,1.651217e-05
0.6153155335503654,0.991488665193551,1.6507634e-05
0.6162076890808434,0.991488665193551,1.6017466e-05
0.6162195057103862,0.991488665193551,1.6016886e-05
0.6164794715603269,0.991488665193551,1.5897518e-05
0.6164912881898696,0.991488665193551,1.5888787e-05
0.6169580450568084,0.991488665193551,1.5664433e-05
0.6169580450568084,0.9915705049513054,1.5663416e-05
0.6172711857396914,0.9915705049513054,1.5520316e-05
0.6172830023692342,0.9915705049513054,1.5513302e-05
0.6184114904905674,0.9915705049513054,1.4964431e-05
0.6184114904905674,0.9916523447090596,1.49634325e-05
0.6184233071201102,0.9916523447090596,1.49600655e-05
0.6194986204085009,0.9916523447090596,1.4462485e-05
0.6195104370380436,0.9916523447090596,1.4460664e-05
0.6203966842537503,0.9916523447090596,1.40597e-05
0.6203966842537503,0.9917341844668139,1.4051871e-05
0.6211943067478863,0.9917341844668139,1.3733592e-05
0.6211943067478863,0.9918160242245683,1.3733487e-05
0.6228545431986434,0.9918160242245683,1.2969722e-05
0.6228663598281862,0.9918160242245683,1.2968584e-05
0.6240775643563187,0.9918160242245683,1.2445157e-05
0.6240775643563187,0.9918978639823226,1.2437018e-05
0.6241011976154042,0.9918978639823226,1.2417582e-05
0.6241130142449469,0.9918978639823226,1.2416184e-05
0.6242843553733168,0.9918978639823226,1.2345295e-05
0.6242843553733168,0.9919797037400769,1.23422105e-05
0.6265945064489256,0.9919797037400769,1.1505773e-05
0.6265945064489256,0.9920615434978313,1.1504764e-05
0.626665406226182,0.9920615434978313,1.1479819e-05
0.6266772228557249,0.9920615434978313,1.1478877e-05
0.626960821964751,0.9920615434978313,1.1368063e-05
0.626960821964751,0.9921433832555856,1.136763e-05
0.6281720264928834,0.9921433832555856,1.098595e-05
0.6281720264928834,0.9922252230133399,1.0985846e-05
0.6283788175098817,0.9922252230133399,1.0909318e-05
0.6283788175098817,0.9923070627710942,1.0908985e-05
0.628993282246105,0.9923070627710942,1.0667201e-05
0.6290050988756477,0.9923070627710942,1.06663065e-05
0.6291173568563039,0.9923070627710942,1.0630074e-05
0.6291291734858466,0.9923070627710942,1.06294665e-05
0.6307894099366038,0.9923070627710942,1.0066969e-05
0.6307894099366038,0.9923889025288485,1.0064627e-05
0.6311380005081151,0.9923889025288485,9.94096e-06
0.6311380005081151,0.9924707422866028,9.939577e-06
0.6324850962759891,0.9924707422866028,9.546211e-06
0.632496912905532,0.9924707422866028,9.544572e-06
0.6333595268621531,0.9924707422866028,9.282487e-06
0.6333595268621531,0.9925525820443571,9.278256e-06
0.6334127016950956,0.9925525820443571,9.261301e-06
0.6334245183246383,0.9925525820443571,9.260682e-06
0.6338794585620343,0.9925525820443571,9.114954e-06
0.6338794585620343,0.9926344218021115,9.113703e-06
0.6340567080051757,0.9926344218021115,9.059352e-06
0.6340685246347184,0.9926344218021115,9.058714e-06
0.6341216994676608,0.9926344218021115,9.04585e-06
0.6341216994676608,0.9927162615598658,9.045125e-06
0.6344230235210011,0.9927162615598658,8.972083e-06
0.6344230235210011,0.9927981013176201,8.970783e-06
0.6356933111968474,0.9927981013176201,8.583298e-06
0.6357051278263901,0.9927981013176201,8.58189e-06
0.6362427844705855,0.9927981013176201,8.467523e-06
0.6362427844705855,0.9928799410753744,8.465069e-06
0.6362900509887565,0.9928799410753744,8.454967e-06
0.6362900509887565,0.9929617808331287,8.453436e-06
0.6363904923398699,0.9929617808331287,8.430378e-06
0.6364023089694126,0.9929617808331287,8.428963e-06
0.6367390829113811,0.9929617808331287,8.345761e-06
0.6367508995409239,0.9929617808331287,8.345363e-06
0.6369576905579222,0.9929617808331287,8.298855e-06
0.6369576905579222,0.993043620590883,8.29569e-06
0.6377021382191158,0.993043620590883,8.094007e-06
0.6377021382191158,0.9931254603486374,8.091784e-06
0.6377907629406864,0.9931254603486374,8.078691e-06
0.6377907629406864,0.9932073001063917,8.078352e-06
0.6382043449746829,0.9932073001063917,7.9599695e-06
0.6382161616042257,0.9932073001063917,7.959788e-06
0.638269336437168,0.9932073001063917,7.950411e-06
0.638269336437168,0.993289139864146,7.949364e-06
0.6386120186939079,0.993289139864146,7.8728635e-06
0.6386120186939079,0.9933709796219004,7.870761e-06
0.639161491967646,0.9933709796219004,7.739742e-06
0.639161491967646,0.9935346591374089,7.735698e-06
0.639770048389098,0.9935346591374089,7.590679e-06
0.6397818650186408,0.9935346591374089,7.588566e-06
0.6399532061470107,0.9935346591374089,7.5427356e-06
0.6399532061470107,0.9936164988951632,7.5426924e-06
0.6406622039195761,0.9936164988951632,7.387133e-06
0.6406622039195761,0.9936983386529176,7.387006e-06
0.6411703189899145,0.9936983386529176,7.250986e-06
0.6411821356194572,0.9936983386529176,7.2460502e-06
0.6412471270819424,0.9936983386529176,7.2235716e-06
0.6412471270819424,0.9937801784106719,7.2235025e-06
0.6417138839488813,0.9937801784106719,7.104179e-06
0.6417138839488813,0.9938620181684262,7.102729e-06
0.6417966003556805,0.9938620181684262,7.087505e-06
0.6417966003556805,0.9939438579261806,7.0865317e-06
0.6420683828351639,0.9939438579261806,7.020195e-06
0.6420683828351639,0.9940256976839349,7.0199408e-06
0.6423047154260191,0.9940256976839349,6.966852e-06
0.6423047154260191,0.9941075374416892,6.9657362e-06
0.6429191801622424,0.9941075374416892,6.8467784e-06
0.6429309967917851,0.9941075374416892,6.8466998e-06
0.6437699774893207,0.9941075374416892,6.651992e-06
0.6437699774893207,0.9941893771994434,6.651002e-06
0.6440476682835755,0.9941893771994434,6.58824e-06
0.6440594849131183,0.9941893771994434,6.5876743e-06
0.6440949348017465,0.9941893771994434,6.5781696e-06
0.6441067514312893,0.9941893771994434,6.5773916e-06
0.6443785339107726,0.9941893771994434,6.527489e-06
0.6443785339107726,0.9942712169571978,6.527202e-06
0.644744849426598,0.9942712169571978,6.445206e-06
0.6447566660561408,0.9942712169571978,6.4422197e-06
0.6452411478673938,0.9942712169571978,6.345392e-06
0.6452411478673938,0.9943530567149521,6.344593e-06
0.64668277667161,0.9943530567149521,6.0968955e-06
0.6466945933011528,0.9943530567149521,6.0961747e-06
0.6468895676886082,0.9943530567149521,6.064294e-06
0.6468895676886082,0.9944348964727064,6.0641787e-06
0.6490520108949325,0.9944348964727064,5.693262e-06
0.6490520108949325,0.9945167362304608,5.692958e-06
0.6493060684301016,0.9945167362304608,5.659591e-06
0.6493178850596444,0.9945167362304608,5.659364e-06
0.6493356100039586,0.9945167362304608,5.6560725e-06
0.6493356100039586,0.9945985759882151,5.6559106e-06
0.6500209745174383,0.9945985759882151,5.5318415e-06
0.6500327911469811,0.9945985759882151,5.531504e-06
0.6511730958978571,0.9945985759882151,5.323839e-06
0.6511730958978571,0.9946804157459694,5.323088e-06
0.6516753026534242,0.9946804157459694,5.226945e-06
0.6516753026534242,0.9947622555037237,5.2268256e-06
0.6522129592976196,0.9947622555037237,5.1257302e-06
0.6522247759271623,0.9947622555037237,5.125085e-06
0.6537018546200067,0.9947622555037237,4.8832053e-06
0.6537018546200067,0.994844095261478,4.8831957e-06
0.6544817521698286,0.994844095261478,4.7288236e-06
0.6544817521698286,0.9949259350192323,4.726064e-06
0.6550135004992526,0.9949259350192323,4.633108e-06
0.6550253171287953,0.9949259350192323,4.632843e-06
0.6551493917389943,0.9949259350192323,4.60597e-06
0.6551493917389943,0.9950077747769867,4.6042396e-06
0.6552675580344218,0.9950077747769867,4.5855545e-06
0.6552675580344218,0.995089614534741,4.58524e-06
0.6554625324218774,0.995089614534741,4.560452e-06
0.6554861656809629,0.995089614534741,4.559382e-06
0.6557165899570465,0.995089614534741,4.5244014e-06
0.6557165899570465,0.9951714542924953,4.524108e-06
0.6567387284124949,0.9951714542924953,4.362967e-06
0.6567505450420377,0.9951714542924953,4.3605132e-06
0.6571641270760341,0.9951714542924953,4.2882857e-06
0.6571759437055769,0.9951714542924953,4.2869206e-06
0.6571995769646624,0.9951714542924953,4.2829565e-06
0.6571995769646624,0.9952532940502496,4.2813963e-06
0.6579381163110846,0.9952532940502496,4.1278295e-06
0.6579499329406273,0.9952532940502496,4.1267904e-06
0.6582630736235103,0.9952532940502496,4.0773743e-06
0.6582630736235103,0.995335133808004,4.0770474e-06
0.6584757729552799,0.995335133808004,4.04478e-06
0.6584875895848227,0.995335133808004,4.0415644e-06
0.6591847707278453,0.995335133808004,3.9372935e-06
0.6591847707278453,0.9954169735657582,3.9372335e-06
0.6607091159388607,0.9954169735657582,3.708756e-06
0.6607150242536322,0.9954988133235125,3.7078505e-06
0.6608272822342883,0.9954988133235125,3.6958406e-06
0.6608390988638311,0.9954988133235125,3.6950016e-06
0.6610163483069724,0.9954988133235125,3.670368e-06
0.6610163483069724,0.9955806530812669,3.66992e-06
0.6610990647137717,0.9955806530812669,3.6585004e-06
0.6611108813433144,0.9955806530812669,3.657572e-06
0.6620207618181067,0.9955806530812669,3.5128205e-06
0.6620207618181067,0.9956624928390212,3.511561e-06
0.6622511860941903,0.9956624928390212,3.4842474e-06
0.6622630027237331,0.9956624928390212,3.4824004e-06
0.6624875186850455,0.9956624928390212,3.4596394e-06
0.6624875186850455,0.9957443325967755,3.4596064e-06
0.662824292627014,0.9957443325967755,3.421108e-06
0.662824292627014,0.9958261723545299,3.42071e-06
0.662918825663356,0.9958261723545299,3.406945e-06
0.662918825663356,0.9959080121122842,3.404847e-06
0.6630015420701554,0.9959080121122842,3.3942258e-06
0.6630015420701554,0.9959898518700384,3.3936692e-06
0.6630606252178691,0.9959898518700384,3.3890442e-06
0.6630606252178691,0.9960716916277927,3.388346e-06
0.6634210324189231,0.9960716916277927,3.3391505e-06
0.6634210324189231,0.9961535313855471,3.3371512e-06
0.6635037488257225,0.9961535313855471,3.3286774e-06
0.6635037488257225,0.9962353711433014,3.3282838e-06
0.6637637146756631,0.9962353711433014,3.3020744e-06
0.6637637146756631,0.9963172109010557,3.3014762e-06
0.6638582477120051,0.9963172109010557,3.2915857e-06
0.6638582477120051,0.9963990506588101,3.2912844e-06
0.6638818809710906,0.9963990506588101,3.2892133e-06
0.6638936976006333,0.9963990506588101,3.2889686e-06
0.6638936976006333,0.9964808904165644,3.2889561e-06
0.6642541048016875,0.9964808904165644,3.248234e-06
0.6642541048016875,0.9965627301743187,3.2469331e-06
0.6643899960414291,0.9965627301743187,3.2347002e-06
0.6643899960414291,0.9967264096898273,3.232813e-06
0.664874477852682,0.9967264096898273,3.1848792e-06
0.664874477852682,0.9968082494475816,3.1848242e-06
0.6653648679787064,0.9968082494475816,3.12627e-06
0.6653648679787064,0.996890089205336,3.1260315e-06
0.6654239511264202,0.996890089205336,3.1148184e-06
0.6654357677559629,0.996890089205336,3.1147174e-06
0.6656012005695615,0.996890089205336,3.1025036e-06
0.6656130171991043,0.996890089205336,3.1009063e-06
0.6659793327149297,0.996890089205336,3.0571957e-06
0.6659911493444725,0.996890089205336,3.0566941e-06
0.6660620491217291,0.996890089205336,3.0489498e-06
0.6660620491217291,0.9969719289630903,3.0485312e-06
0.6669601129669784,0.9969719289630903,2.9566772e-06
0.6669601129669784,0.9970537687208446,2.9566095e-06
0.6671787206135195,0.9970537687208446,2.9384005e-06
0.6671787206135195,0.997135608478599,2.9378175e-06
0.6673205201680324,0.997135608478599,2.9226883e-06
0.6673205201680324,0.9972174482363532,2.9220416e-06
0.6673264284828039,0.9972174482363532,2.919078e-06
0.6673264284828039,0.9972992879941075,2.9184378e-06
0.6676159359066014,0.9972992879941075,2.895163e-06
0.6676159359066014,0.9973811277518618,2.895108e-06
0.6679172599599417,0.9973811277518618,2.8589732e-06
0.6679172599599417,0.9974629675096162,2.8582099e-06
0.6679586181633412,0.9974629675096162,2.8540098e-06
0.6679586181633412,0.9975448072673705,2.8535906e-06
0.667970434792884,0.9975448072673705,2.8529648e-06
0.667970434792884,0.9976266470251248,2.8526545e-06
0.6680354262553692,0.9976266470251248,2.8446188e-06
0.6680354262553692,0.9977084867828792,2.8443746e-06
0.6680826927735402,0.9977084867828792,2.8396098e-06
0.6680826927735402,0.9977903265406335,2.83896e-06
0.6682599422166815,0.9977903265406335,2.8198667e-06
0.6682717588462243,0.9977903265406335,2.8192e-06
0.6683072087348526,0.9977903265406335,2.8156317e-06
0.6683072087348526,0.9978721662983877,2.8153254e-06
0.6685080914370795,0.9978721662983877,2.8010459e-06
0.6685080914370795,0.997954006056142,2.8008803e-06
0.6685671745847932,0.997954006056142,2.7947863e-06
0.6685671745847932,0.9980358458138964,2.7945623e-06
0.6687266990836204,0.9980358458138964,2.7794179e-06
0.6687266990836204,0.9981176855716507,2.779036e-06
0.6688803152676762,0.9981176855716507,2.7613833e-06
0.6688803152676762,0.998199525329405,2.760925e-06
0.6689807566187896,0.998199525329405,2.7513577e-06
0.6689807566187896,0.9982813650871594,2.7507908e-06
0.6691520977471596,0.9982813650871594,2.7345739e-06
0.6691520977471596,0.9983632048449137,2.7341255e-06
0.6693647970789292,0.9983632048449137,2.7114206e-06
0.6693647970789292,0.998445044602668,2.711312e-06
0.6693707053937006,0.998445044602668,2.7110639e-06
0.6693707053937006,0.9985268843604223,2.710464e-06
0.6697192959652118,0.9985268843604223,2.6813398e-06
0.6697192959652118,0.9986087241181766,2.681023e-06
0.66992608698221,0.9986087241181766,2.6600728e-06
0.66992608698221,0.9986905638759309,2.6583332e-06
0.6701506029435225,0.9986905638759309,2.644507e-06
0.6701506029435225,0.9987724036336852,2.6443251e-06
0.6701683278878365,0.9987724036336852,2.6435082e-06
0.6701683278878365,0.9988542433914396,2.6429084e-06
0.6701978694616935,0.9988542433914396,2.6400014e-06
0.6701978694616935,0.9989360831491939,2.6398454e-06
0.6702924024980355,0.9989360831491939,2.629699e-06
0.6702924024980355,0.9990179229069482,2.6296136e-06
0.670629176440004,0.9990179229069482,2.6018845e-06
0.670629176440004,0.9990997626647025,2.6017851e-06
0.6706823512729464,0.9990997626647025,2.598071e-06
0.6706823512729464,0.9991816024224568,2.5976399e-06
0.6710427584740004,0.9991816024224568,2.5689292e-06
0.6710427584740004,0.9992634421802111,2.5686843e-06
0.6712200079171418,0.9992634421802111,2.5500854e-06
0.6712318245466845,0.9992634421802111,2.5492732e-06
0.6713913490455118,0.9992634421802111,2.5362367e-06
0.6714031656750545,0.9992634421802111,2.5359222e-06
0.6715449652295675,0.9992634421802111,2.5236952e-06
0.6715449652295675,0.9993452819379655,2.5233053e-06
0.6715685984886531,0.9993452819379655,2.5219629e-06
0.6715685984886531,0.9994271216957198,2.5217416e-06
0.6720708052442201,0.9994271216957198,2.4690928e-06
0.672082621873763,0.9994271216957198,2.4689891e-06
0.673866932934719,0.9994271216957198,2.32095e-06
0.6738787495642617,0.9994271216957198,2.3200557e-06
0.6750840457776228,0.9994271216957198,2.2395454e-06
0.6750958624071656,0.9994271216957198,2.2384438e-06
0.6762184422137274,0.9994271216957198,2.1566193e-06
0.6762302588432701,0.9994271216957198,2.1565659e-06
0.6764606831193538,0.9994271216957198,2.140465e-06
0.6764724997488967,0.9994271216957198,2.1404446e-06
0.6773941968532315,0.9994271216957198,2.0782893e-06
0.6774060134827743,0.9994271216957198,2.0774294e-06
0.6775064548338877,0.9994271216957198,2.0697091e-06
0.6775064548338877,0.9995089614534741,2.0696657e-06
0.678339527216652,0.9995089614534741,2.0112795e-06
0.6783513438461948,0.9995089614534741,2.010087e-06
0.6796452647811265,0.9995089614534741,1.9245138e-06
0.6796570814106693,0.9995089614534741,1.9243523e-06
0.6801829214253219,0.9995089614534741,1.8934342e-06
0.6801947380548646,0.9995089614534741,1.8932211e-06
0.680998268863772,0.9995089614534741,1.846598e-06
0.6810100854933148,0.9995089614534741,1.8465452e-06
0.6827884882394994,0.9995089614534741,1.7437915e-06
0.6827884882394994,0.9995908012112285,1.7435885e-06
0.6829302877940125,0.9995908012112285,1.7339875e-06
0.6829421044235553,0.9995908012112285,1.7339179e-06
0.6842714752471153,0.9995908012112285,1.658263e-06
0.684283291876658,0.9995908012112285,1.6582378e-06
0.6847382321140542,0.9995908012112285,1.6346793e-06
0.6847500487435969,0.9995908012112285,1.634517e-06
0.6861030528262424,0.9995908012112285,1.5620102e-06
0.6861148694557851,0.9995908012112285,1.5618552e-06
0.6864280101386682,0.9995908012112285,1.5452144e-06
0.6864280101386682,0.9996726409689828,1.5446369e-06
0.6894767005606991,0.9996726409689828,1.3729617e-06
0.6894885171902418,0.9996726409689828,1.3725479e-06
0.6896539500038404,0.9996726409689828,1.3629531e-06
0.6896539500038404,0.999754480726737,1.3626619e-06
0.6900261738344372,0.999754480726737,1.3447586e-06
0.69003799046398,0.999754480726737,1.3446174e-06
0.6915209774715958,0.999754480726737,1.2721603e-06
0.6915327941011385,0.999754480726737,1.2714665e-06
0.6932166638109812,0.999754480726737,1.1890202e-06
0.6932166638109812,0.9998363204844913,1.1888138e-06
0.6937602287699479,0.9998363204844913,1.1672396e-06
0.6937720453994907,0.9998363204844913,1.1672286e-06
0.6958458638842443,0.9998363204844913,1.0820311e-06
0.6958458638842443,0.9999181602422457,1.0814018e-06
0.6959226719762722,0.9999181602422457,1.0779155e-06
0.695934488605815,0.9999181602422457,1.0777263e-06
0.6973288508918601,0.9999181602422457,1.0242609e-06
0.6973406675214029,0.9999181602422457,1.0233118e-06
0.69900090397216,0.9999181602422457,9.668844e-07
0.69900090397216,1.0,9.66831e-07
0.7003775413138911,1.0,9.160426e-07
0.7003893579434338,1.0,9.159186e-07
0.7018900698953637,1.0,8.698065e-07
0.7019018865249065,1.0,8.696091e-07
0.7027763171110704,1.0,8.4184666e-07
0.7027881337406132,1.0,8.41723e-07
0.7044956367095413,1.0,7.8336546e-07
0.704507453339084,1.0,7.830817e-07
0.7046847027822254,1.0,7.7830333e-07
0.7046965194117681,1.0,7.782528e-07
0.7057127495524451,1.0,7.4569124e-07
0.7057245661819879,1.0,7.455135e-07
0.7070598453203193,1.0,7.103042e-07
0.707071661949862,1.0,7.0997777e-07
0.70980721168901,1.0,6.378066e-07
0.7098190283185527,1.0,6.375864e-07
0.7108884332921721,1.0,6.1253314e-07
0.7109002499217149,1.0,6.123241e-07
0.7143388891186567,1.0,5.420361e-07
0.7143507057481995,1.0,5.4198335e-07
0.7147583794674245,1.0,5.3319e-07
0.7147701960969672,1.0,5.3306695e-07
0.7156446266831312,1.0,5.1533857e-07
0.715656443312674,1.0,5.153081e-07
0.7163713494000107,1.0,5.008532e-07
0.7163831660295534,1.0,5.0062874e-07
0.7164304325477244,1.0,4.9913757e-07
0.7164422491772672,1.0,4.991033e-07
0.7167435732306074,1.0,4.932274e-07
0.7167553898601502,1.0,4.931333e-07
0.7190950825096157,1.0,4.4774842e-07
0.7191068991391585,1.0,4.4752136e-07
0.7214347751590814,1.0,4.0744098e-07
0.7214465917886241,1.0,4.073516e-07
0.7215293081954234,1.0,4.0582773e-07
0.7215411248249661,1.0,4.0579985e-07
0.7220669648396187,1.0,3.953764e-07
0.7220787814691616,1.0,3.9511255e-07
0.7224037387815874,1.0,3.8843822e-07
0.7224155554111301,1.0,3.8835822e-07
0.7244657406367981,1.0,3.5181202e-07
0.7244775572663409,1.0,3.5175904e-07
0.7249265891889657,1.0,3.4366627e-07
0.7249384058185084,1.0,3.4340152e-07
0.7263445847340962,1.0,3.2052716e-07
0.7263564013636391,1.0,3.2047822e-07
0.727325364986145,1.0,3.0334803e-07
0.7273371816156877,1.0,3.0324622e-07
0.7319220338782769,1.0,2.3621932e-07
0.7319338505078197,1.0,2.3616886e-07
0.7327491979462698,1.0,2.2743436e-07
0.7327610145758126,1.0,2.2742006e-07
0.7343089930459135,1.0,2.102317e-07
0.7343208096754563,1.0,2.1021047e-07
0.7374522165042865,1.0,1.7848534e-07
0.7374640331338292,1.0,1.7844653e-07
0.7415053204374517,1.0,1.4651731e-07
0.7415171370669944,1.0,1.4644493e-07
0.7416116701033364,1.0,1.4576915e-07
0.7416234867328791,1.0,1.457333e-07
0.7422556764134166,1.0,1.4106863e-07
0.7422674930429594,1.0,1.4102935e-07
0.7425629087815282,1.0,1.3916316e-07
0.742574725411071,1.0,1.3904854e-07
0.7436323137551476,1.0,1.3167337e-07
0.7436441303846903,1.0,1.3167286e-07
0.7439809043266589,1.0,1.2873188e-07
0.7439927209562016,1.0,1.2864182e-07
0.7449557762639363,1.0,1.2327291e-07
0.744967592893479,1.0,1.2326704e-07
0.7452216504286482,1.0,1.2187742e-07
0.745233467058191,1.0,1.2187114e-07
0.7460369978670983,1.0,1.1740974e-07
0.7460488144966412,1.0,1.1739877e-07
0.7484180487199636,1.0,1.0560253e-07
0.7484298653495064,1.0,1.0559548e-07
0.7488020891801032,1.0,1.038777e-07
0.7488139058096459,1.0,1.0385493e-07
0.7495997116742391,1.0,1.0001432e-07
0.7496115283037819,1.0,9.996569e-08
0.7497592361730664,1.0,9.9400815e-08
0.7497710528026091,1.0,9.9394555e-08
0.7512894896988532,1.0,9.288779e-08
0.751301306328396,1.0,9.288708e-08
0.7515612721783366,1.0,9.180754e-08
0.7515730888078793,1.0,9.177305e-08
0.7520575706191323,1.0,8.938608e-08
0.7520693872486751,1.0,8.9366125e-08
0.7574695869497143,1.0,7.003599e-08
0.7574814035792571,1.0,7.001128e-08
0.7575345784121995,1.0,6.9806866e-08
0.7575463950417423,1.0,6.9806475e-08
0.7578004525769115,1.0,6.891429e-08
0.7578122692064543,1.0,6.8912314e-08
0.7597501964514661,1.0,6.314252e-08
0.7597620130810089,1.0,6.313807e-08
0.7629111448541532,1.0,5.413769e-08
0.762922961483696,1.0,5.4126637e-08
0.7631474774450083,1.0,5.3605852e-08
0.7631592940745511,1.0,5.3602978e-08
0.7632301938518077,1.0,5.3485227e-08
0.7632420104813504,1.0,5.3476658e-08
0.7647427224332803,1.0,5.000161e-08
0.7647545390628231,1.0,4.99976e-08
0.7677736879109971,1.0,4.3746223e-08
0.76778550454054,1.0,4.369169e-08
0.7685654020903617,1.0,4.2349697e-08
0.7685772187199045,1.0,4.234962e-08
0.7687426515335031,1.0,4.2008107e-08
0.7687544681630458,1.0,4.1997296e-08
0.7714132098101658,1.0,3.70119e-08
0.7714250264397086,1.0,3.6989675e-08
0.7719744997134468,1.0,3.611455e-08
0.7719863163429895,1.0,3.6101806e-08
0.7734574867210625,1.0,3.3498306e-08
0.7734693033506053,1.0,3.3494025e-08
0.7740010516800293,1.0,3.265473e-08
0.774012868309572,1.0,3.2653734e-08
0.7740305932538862,1.0,3.264097e-08
0.774042409883429,1.0,3.263076e-08
0.7773333412110863,1.0,2.7723809e-08
0.7773451578406291,1.0,2.7705255e-08
0.7802579570229183,1.0,2.3833184e-08
0.7802697736524611,1.0,2.3830184e-08
0.7813332703113091,1.0,2.2610816e-08
0.7813450869408518,1.0,2.259814e-08
0.7818886518998186,1.0,2.1997822e-08
0.7819004685293613,1.0,2.1989516e-08
0.7834779885733192,1.0,2.051013e-08
0.7834898052028619,1.0,2.0507512e-08
0.7848132677116506,1.0,1.9240789e-08
0.7848250843411934,1.0,1.9221932e-08
0.7851145917649909,1.0,1.8984046e-08
0.7851264083945336,1.0,1.8983938e-08
0.7865148623658074,1.0,1.7890791e-08
0.7865266789953501,1.0,1.7884002e-08
0.7906152328171435,1.0,1.4841382e-08
0.7906270494466863,1.0,1.4823729e-08
0.7917555375680194,1.0,1.4111485e-08
0.7917673541975623,1.0,1.4111432e-08
0.7924586270258134,1.0,1.3722604e-08
0.7924704436553562,1.0,1.3708583e-08
0.7929312922075237,1.0,1.34654785e-08
0.7929431088370664,1.0,1.3464735e-08
0.7948219529343645,1.0,1.24000135e-08
0.7948337695639073,1.0,1.23979795e-08
0.7964231062374079,1.0,1.1566661e-08
0.7964349228669506,1.0,1.1563728e-08
0.7966948887168913,1.0,1.14531415e-08
0.7967067053464341,1.0,1.1450061e-08
0.7968071466975475,1.0,1.1410057e-08
0.7968189633270902,1.0,1.1400616e-08
0.7989873148481859,1.0,1.0375588e-08
0.7989991314777286,1.0,1.0370444e-08
0.7994954299185243,1.0,1.0135161e-08
0.799507246548067,1.0,1.0135064e-08
0.7996549544173516,1.0,1.0085735e-08
0.7996667710468943,1.0,1.00806385e-08
0.8017051396430196,1.0,9.277709e-09
0.8017169562725623,1.0,9.276028e-09
0.8023136960644716,1.0,9.040088e-09
0.8023255126940143,1.0,9.039468e-09
0.802431862359899,1.0,9.00426e-09
0.8024436789894418,1.0,8.99856e-09
0.802555936970098,1.0,8.947882e-09
0.8025677535996407,1.0,8.946415e-09
0.8035367172221467,1.0,8.5665945e-09
0.8035485338516895,1.0,8.564421e-09
0.8039798408300001,1.0,8.377444e-09
0.8039916574595428,1.0,8.3769e-09
0.8075543712666836,1.0,7.200104e-09
0.8075661878962264,1.0,7.1999673e-09
0.8081983775767638,1.0,7.00977e-09
0.8082101942063066,1.0,7.003983e-09
0.8092736908651545,1.0,6.667892e-09
0.8092855074946973,1.0,6.6662387e-09
0.8126177970257543,1.0,5.7007616e-09
0.8126296136552971,1.0,5.698338e-09
0.8137640100914016,1.0,5.4024607e-09
0.8137758267209444,1.0,5.401976e-09
0.8156664874477852,1.0,4.883296e-09
0.815678304077328,1.0,4.8785385e-09
0.8163104937578655,1.0,4.7053383e-09
0.8163223103874082,1.0,4.7046473e-09
0.8178643805427378,1.0,4.3599684e-09
0.8178761971722806,1.0,4.3589288e-09
0.8259528634647539,1.0,2.8841989e-09
0.8259646800942967,1.0,2.884045e-09
0.8329837580426935,1.0,1.9553434e-09
0.8329955746722363,1.0,1.9545976e-09
0.835400258784187,1.0,1.7147083e-09
0.8354120754137297,1.0,1.7143452e-09
0.8400973690274323,1.0,1.3166949e-09
0.840109185656975,1.0,1.3166321e-09
0.8423838868439555,1.0,1.1714546e-09
0.8423957034734982,1.0,1.1712357e-09
0.8428447353961229,1.0,1.1486323e-09
0.8428565520256657,1.0,1.1474433e-09
0.8488357665743,1.0,8.319129e-10
0.8488475832038428,1.0,8.316401e-10
0.848959841184499,1.0,8.279918e-10
0.8489716578140417,1.0,8.2775503e-10
0.8545372903286795,1.0,5.946627e-10
0.8545491069582223,1.0,5.944892e-10
0.8554885290068713,1.0,5.644002e-10
0.8555003456364141,1.0,5.641064e-10
0.8558548445226968,1.0,5.5494354e-10
0.8558666611522395,1.0,5.5488636e-10
0.8559848274476671,1.0,5.505609e-10
0.8559966440772099,1.0,5.504265e-10
0.8579877461551642,1.0,4.917915e-10
0.8579995627847069,1.0,4.915402e-10
0.8598665902524623,1.0,4.3952175e-10
0.859878406882005,1.0,4.3950169e-10
0.8630925301176345,1.0,3.614918e-10
0.8631043467471773,1.0,3.6146763e-10
0.867086550903086,1.0,2.871211e-10
0.8670983675326287,1.0,2.8708827e-10
0.8732193816357761,1.0,2.0564482e-10
0.8732311982653188,1.0,2.0556326e-10
0.8816859967031604,1.0,1.1701387e-10
0.8816978133327031,1.0,1.1690478e-10
0.8827435850472369,1.0,1.0883016e-10
0.8827554016767797,1.0,1.08787396e-10
0.8927286370108654,1.0,4.7846765e-11
0.8927404536404081,1.0,4.7822676e-11
0.8933076518584604,1.0,4.602063e-11
0.8933194684880031,1.0,4.5996845e-11
0.8934435430982021,1.0,4.566894e-11
0.8934553597277448,1.0,4.566859e-11
0.8968290074622015,1.0,3.553703e-11
0.8968408240917443,1.0,3.5520902e-11
0.8976266299563376,1.0,3.346709e-11
0.8976384465858803,1.0,3.3441437e-11
0.9016088341122461,1.0,2.2803294e-11
0.9016206507417889,1.0,2.275967e-11
0.9034226867470592,1.0,1.9356561e-11
0.9034345033766019,1.0,1.932126e-11
0.9132600308414031,1.0,6.1796284e-12
0.9132718474709458,1.0,6.1771304e-12
0.922736967734693,1.0,2.0599243e-12
0.9227487843642358,1.0,2.0579998e-12
0.9255138756772405,1.0,1.4980567e-12
0.9255256923067834,1.0,1.4977967e-12
0.9355166525851831,1.0,3.9535573e-13
0.9355284692147259,1.0,3.951047e-13
0.9427602464948922,1.0,1.6319346e-13
0.9427720631244351,1.0,1.630945e-13
0.9545296095194767,1.0,3.09881e-14
0.9545414261490195,1.0,3.0975632e-14
0.9549727331273301,1.0,2.8928303e-14
0.9549845497568729,1.0,2.8913795e-14
0.9603256663101983,1.0,1.1159515e-14
0.9603374829397411,1.0,1.1156493e-14
0.9624053931097233,1.0,7.759692e-15
0.962417209739266,1.0,7.750224e-15
0.9722131956302104,1.0,1.2083534e-15
0.9722250122597531,1.0,1.2081322e-15
0.9727331273300917,1.0,1.0574119e-15
0.9727449439596344,1.0,1.0514347e-15
0.9780860605129599,1.0,1.5671823e-16
0.9780978771425026,1.0,1.5666802e-16
0.9933354209378858,1.0,1.3662096e-19
0.9933472375674286,1.0,1.3652823e-19
1.0,1.0,5.1422245e-22
